0
0
0
0
0
0
0
0
0
0
0
0
0
0
0
0
0
0
0
0
0
0
0
0
0
0
0
0
0
0
0
0
0
0
0
0
4768
12725
3369
3036
3173
0
0
0
0
597
1334
0
0
0
0
2291
6171
0
0
0
0
2671
0
0
2612
0
0
160
0
0
0
0
0
4600
7628
2010
765
0
0
0
0
0
0
0
844
1911
0
0
0
0
3283
0
0
0
0
0
0
3828
5861
674
2512
0
0
5660
71
0
0
0
0
399
5563
6994
0
0
0
0
0
0
0
0
0
0
0
0
0
0
0
0
0
0
4158
7301
0
6699
1546
0
3608
0
0
5453
0
0
2362
0
1873
2359
0
0
570
0
0
829
0
0
825
0
0
2697
0
0
0
0
0
0
0
0
2170
0
0
0
0
0
0
692
0
0
0
0
1724
0
1749
0
0
0
0
799
0
0
883
0
0
0
0
0
0
0
0
0
0
0
981
464
0
4672
0
3070
6086
0
2935
0
0
5223
1452
0
0
0
0
2151
3922
0
0
0
0
0
0
0
0
0
0
0
0
0
1531
0
0
807
0
0
824
240
2627
1108
105
2941
783
0
0
1984
0
0
3203
0
0
0
0
0
0
0
0
0
0
0
0
0
0
0
0
13759
0
1652
8829
0
0
358
0
0
0
0
0
0
206
0
0
1709
0
1593
1930
0
509
0
0
459
1595
308
0
2694
1612
0
0
0
0
4614
736
0
0
0
4705
0
3073
3037
0
0
0
0
0
0
0
0
0
307
0
0
1077
0
0
1755
0
0
0
0
0
0
0
0
0
0
0
0
0
0
0
0
0
0
0
0
0
2732
0
0
1464
0
0
0
0
0
0
0
0
0
0
0
0
0
5224
14038
8421
10666
18254
3549
11908
15972
1207
15468
13042
5676
8627
8479
8191
9827
14258
11540
0
0
0
1096
0
0
2133
0
0
2646
0
0
0
0
0
0
0
0
8654
14373
15258
11011
6446
0
11835
5558
0
15256
3343
0
7712
0
0
2394
0
0
0
0
11857
0
0
0
0
13232
13547
0
3650
1598
4039
8419
3742
0
0
0
0
0
0
0
0
0
0
0
0
0
0
0
0
0
0
0
0
0
0
0
0
0
0
0
0
0
0
0
0
0
149
248
0
4578
0
0
0
0
0
0
892
1176
3879
2303
0
3142
4590
1321
0
0
388
0
0
0
1024
0
0
581
0
0
2827
0
0
3035
0
0
4716
0
0
1317
0
0
0
0
0
0
0
1597
0
0
674
0
0
0
0
0
15505
0
0
0
0
0
0
0
0
0
14
0
4075
0
0
0
0
0
7105
0
0
0
3753
1208
0
3919
824
0
1989
0
0
4498
0
0
512
0
0
3216
0
0
3333
0
0
2265
0
0
0
0
0
0
0
0
0
0
0
0
0
0
0
0
0
0
0
0
0
0
0
0
0
0
0
0
0
0
0
0
8598
4665
3459
9567
6801
0
8674
3284
0
9068
2491
0
10814
0
0
4973
0
0
0
0
0
0
0
204
0
0
0
0
0
1022
108
0
0
0
0
0
4359
5427
0
0
1697
0
0
0
0
3477
686
0
0
0
0
0
0
0
0
629
212
0
0
0
0
3909
3997
0
6133
4457
0
6684
3071
0
478
0
7056
0
0
9179
0
54
11475
0
0
6683
0
0
3910
0
4507
5015
0
0
0
9907
18037
583
11079
12731
5736
24232
3119
1403
23816
13990
5698
7320
278
456
3713
0
0
0
0
0
0
0
0
0
0
0
0
0
0
0
0
0
0
0
0
0
0
1521
0
0
691
0
0
2948
0
0
0
0
0
0
0
0
0
0
0
0
0
0
0
0
0
0
0
0
0
0
0
0
0
0
9076
6368
5464
10017
4264
0
3568
0
0
8008
0
0
2163
0
0
2624
0
0
0
0
0
0
0
0
562
0
0
0
0
0
0
0
0
0
0
0
0
3807
12816
0
3421
14338
4134
24142
15816
0
12259
13998
9623
14109
11252
9145
5632
8949
5994
0
569
1031
0
0
419
0
0
624
0
0
0
0
0
0
0
0
0
0
0
0
0
0
298
0
0
2346
0
0
0
0
0
325
0
1258
0
0
0
0
0
0
0
0
0
0
0
0
0
0
0
3865
0
2878
0
0
0
0
0
1089
0
0
0
0
0
0
0
0
6822
833
2062
0
1201
0
0
2663
4642
7888
3602
0
1379
9176
12852
12282
7619
13343
22892
8501
11732
12753
0
0
1235
0
0
0
0
0
0
0
0
0
0
0
0
0
0
0
0
0
0
0
0
0
0
0
15721
0
0
5926
0
0
15047
0
0
0
231
0
0
0
0
0
0
3091
18211
0
0
4939
0
877
11120
1189
8626
9810
7512
2739
1541
2789
0
0
3376
0
2331
3087
0
0
4300
1411
5698
3758
0
0
0
0
0
0
0
0
0
0
0
0
0
0
822
1068
0
2985
0
0
0
0
0
0
0
0
0
0
0
0
0
0
0
0
0
0
0
0
2252
0
2172
3068
2866
8048
661
0
0
2691
1590
4687
1980
0
0
1437
0
4024
1173
0
0
2459
967
0
4175
5083
0
4680
1111
0
1048
0
0
1803
0
0
9812
3744
841
8979
0
0
4486
0
0
9042
0
0
10010
0
0
10525
5523
0
0
4263
8701
0
2658
7592
0
1639
7769
0
0
8862
0
320
13124
0
1552
6898
3710
8433
1420
23
0
0
217
0
0
4218
0
0
0
0
1475
5523
2621
6800
0
0
0
116
0
0
0
0
11655
0
0
1002
0
7745
16664
0
0
0
0
4795
0
0
0
0
0
0
0
546
0
0
0
0
0
0
0
0
1830
0
0
3266
0
0
0
0
0
0
0
0
0
0
0
4804
1924
0
305
0
0
0
0
0
0
0
0
0
0
0
0
0
0
1078
0
937
0
0
0
0
0
0
0
0
0
0
0
0
0
0
0
0
0
0
0
848
0
0
0
0
0
0
3283
0
0
0
0
0
0
0
0
0
0
0
0
0
0
1758
0
1028
0
0
0
7331
0
0
0
0
0
3586
0
0
0
0
0
0
1864
0
0
0
0
0
328
0
0
0
0
0
0
0
0
0
0
0
0
0
0
0
0
0
0
0
0
0
0
0
0
0
0
0
0
0
0
0
3799
27
0
0
0
0
7169
0
0
154
0
0
0
0
0
0
0
0
0
0
0
10372
0
0
0
0
0
0
0
0
0
0
0
0
0
0
0
0
0
0
0
0
0
0
0
0
0
0
260
0
0
0
0
0
0
0
0
0
0
0
0
0
0
0
0
338
0
0
1170
2138
0
246
0
0
6993
9552
0
7899
6996
327
7056
3569
2746
0
0
2021
0
0
7660
5613
0
5269
0
0
5360
0
0
6706
0
0
2388
2597
0
0
0
0
2794
0
0
3355
0
0
800
0
14349
0
0
0
1871
0
0
3596
0
0
6131
0
2996
1515
0
3577
0
0
0
6538
0
0
0
0
0
0
0
0
0
0
0
0
2646
0
3335
6774
0
0
0
3747
88
6646
4306
317
1621
0
0
0
0
278
0
0
0
0
2054
0
0
0
0
0
0
7098
3104
0
7156
0
0
4739
0
0
3348
0
0
7633
12264
10530
2046
0
0
472
0
0
5267
1987
3853
4199
0
0
481
0
0
4942
0
0
0
0
0
0
0
0
0
0
0
0
0
0
0
0
6435
0
0
1068
1905
1043
2567
2637
30
2504
168
0
0
571
0
0
413
591
0
5170
2674
0
0
0
0
0
0
0
0
0
0
406
0
0
0
0
0
1197
0
0
2984
0
0
4271
2683
0
5566
1894
0
5202
7808
0
6258
0
0
2635
0
2140
0
0
0
0
0
0
357
0
0
0
0
0
0
0
0
568
0
0
2445
3876
311
6742
6489
1484
3605
2461
0
3420
4911
0
8417
3229
0
14179
11082
11820
0
0
0
114
0
0
0
0
2635
3986
0
0
0
0
0
0
0
0
0
0
0
0
0
0
1803
0
4312
0
0
0
0
0
38
0
0
833
0
0
0
0
1261
6507
0
0
0
1441
5043
13277
2150
6192
2151
1907
0
0
2586
0
0
2298
0
0
228
0
0
710
0
0
0
0
0
6946
0
0
0
0
0
0
0
0
0
0
0
0
0
0
0
0
3568
3255
0
0
3166
0
3611
1416
1158
0
0
0
0
0
0
0
0
0
0
0
0
0
1141
0
0
1115
0
0
0
0
0
0
0
0
0
0
0
0
0
0
0
0
0
0
0
0
0
0
0
0
0
3052
0
6673
22674
0
0
0
0
0
3294
0
0
10134
0
3657
0
0
15355
11752
3963
6491
0
1137
1734
5662
0
0
0
0
0
0
0
6668
713
0
0
294
7261
3754
0
0
0
0
0
0
0
0
0
0
0
0
0
0
0
0
0
0
0
0
0
0
0
0
0
0
0
0
0
0
0
0
0
0
0
0
0
0
0
0
3353
14970
12008
5844
16192
5873
3243
3054
0
6822
14349
9345
2780
5047
1103
9065
20478
14066
434
0
266
0
0
0
1557
2075
0
0
0
0
3502
0
0
1630
0
0
0
0
0
0
0
0
0
0
0
0
0
0
0
0
0
0
0
0
0
0
0
0
0
0
3588
0
0
9103
0
5874
515
2203
6197
1608
0
0
0
0
0
353
0
0
2103
3681
7211
242
0
0
0
0
0
1120
1574
4029
2665
0
0
0
0
0
0
0
0
0
0
0
0
0
0
1883
0
0
0
4020
0
0
2732
0
0
0
0
0
0
0
352
0
0
0
4575
0
0
0
0
0
0
0
0
0
5204
0
0
0
0
0
12115
0
0
0
0
0
0
0
0
0
0
2362
1760
1678
1087
0
0
0
0
0
0
0
0
0
0
0
0
0
562
0
0
0
0
0
966
0
48
0
0
0
525
1134
0
0
0
0
2033
6091
0
0
0
0
1228
0
0
0
0
0
0
0
0
0
0
0
0
0
0
0
0
0
0
0
0
0
0
0
0
0
0
0
0
0
0
0
0
0
0
0
0
42
0
0
0
0
6665
5459
0
6091
7396
0
6514
0
0
10443
7787
0
14623
9241
3417
4222
5049
12992
0
0
0
0
0
0
0
0
0
0
0
0
0
0
2329
0
0
0
0
0
0
0
0
3541
0
0
0
0
0
412
0
0
2843
3970
918
1773
2604
0
0
1963
1117
0
0
0
0
0
0
0
0
0
0
4985
3605
0
0
0
9196
1635
6699
6637
0
4750
0
3925
9859
1390
6244
7563
0
0
0
0
0
0
0
0
0
0
0
0
0
0
0
0
0
0
0
0
0
0
4308
8887
12884
2862
2600
0
3083
7585
3210
4293
7974
9502
2891
9338
7154
7690
10837
4446
352
4834
10519
0
3697
10229
0
3498
8299
418
11099
7585
219
4801
0
0
0
2013
0
0
758
0
0
1887
0
10985
18311
0
4514
5944
1248
2274
0
154
0
0
1945
0
0
4459
0
0
2358
0
0
1177
0
0
0
0
0
0
0
0
0
0
0
0
0
0
0
0
0
0
0
0
0
0
0
0
0
0
2419
0
5278
0
0
0
0
0
86
0
0
0
0
0
0
1541
0
0
0
0
0
0
0
3274
0
0
0
646
0
1308
0
0
0
0
0
0
0
0
0
0
0
0
0
0
376
0
0
0
0
0
0
0
0
0
1893
0
0
4364
6358
616
5671
6889
2450
7261
6085
1136
12149
10850
0
2381
2672
5142
0
0
0
197
2434
421
0
0
0
0
0
0
0
0
0
0
0
0
0
0
3212
0
309
595
0
0
0
0
0
0
0
0
0
0
0
0
5534
1119
0
1245
0
76
0
0
0
0
0
232
0
0
0
0
0
6259
0
0
0
0
2198
0
4661
0
0
3510
1154
0
743
0
0
1944
6966
1573
0
0
0
0
0
0
0
0
0
0
0
0
0
0
4480
0
0
5867
2878
0
3910
3438
0
0
4309
0
0
3983
0
0
0
0
0
0
0
0
78
0
0
2341
0
0
4870
0
0
6824
0
0
3861
0
0
3406
0
2179
0
0
0
0
0
0
280
0
0
0
0
0
160
0
0
1466
0
0
24
0
0
0
0
0
0
0
0
0
0
0
3301
0
0
0
0
0
1245
0
5623
653
0
8478
668
3230
10690
0
0
3511
1999
0
1932
2426
0
0
0
0
502
2015
0
0
0
0
0
0
0
0
1089
0
0
107
0
0
3062
4308
0
0
0
0
1488
0
0
0
0
2548
0
0
0
5188
0
0
359
0
0
4366
0
0
5230
466
0
183
0
0
6179
0
0
0
672
923
0
780
0
4549
7034
0
0
483
1732
0
0
0
733
0
0
0
0
1161
3613
1179
0
2917
1437
3615
0
2873
12654
4292
3591
7684
1649
0
0
7239
12685
10894
5934
0
0
6116
0
0
8062
0
0
3372
0
0
5101
0
0
9142
1455
0
0
0
0
0
0
0
0
0
0
0
0
0
0
0
0
0
0
0
3100
2368
2272
2364
2344
3096
952
0
0
2253
1749
0
7402
0
0
7741
3220
3484
2618
0
0
3403
0
0
1289
0
0
3645
0
0
0
0
0
2505
0
0
8189
4847
7614
3356
4352
5155
1206
17089
16035
2686
7268
4005
9542
8684
806
2899
493
8354
0
0
0
0
0
0
0
0
0
0
0
0
556
0
0
0
0
0
3433
0
0
4227
0
0
0
0
1925
1428
0
0
0
0
0
833
0
0
264
10010
4939
1719
3707
0
572
0
319
2791
756
350
0
0
0
4339
6027
200
7458
4025
6220
5271
2889
1962
5971
0
0
2957
0
0
2332
0
0
2446
6884
275
0
0
0
0
0
2654
0
0
0
0
0
0
933
4183
0
131
1326
6001
3642
893
0
1284
0
0
0
0
0
0
0
0
0
0
691
0
0
1499
1029
0
0
5384
0
0
5225
0
0
4083
0
0
342
0
0
196
0
0
0
0
0
0
0
0
0
0
1893
0
0
0
0
0
5215
0
0
0
840
149
0
679
0
0
0
0
0
0
0
0
0
438
3847
0
0
1988
0
0
0
1639
0
5584
2286
0
11593
0
0
1598
0
0
0
1762
0
1081
4531
4221
15251
6057
2853
3679
8047
1699
0
8266
7127
0
9572
0
0
4893
2545
4091
956
1357
0
1944
597
0
2152
0
0
1912
0
0
500
0
0
136
0
0
0
0
0
0
0
0
0
0
0
0
0
0
0
0
11459
0
0
0
3943
6757
16578
0
0
0
0
14125
12066
0
6843
8954
4957
10555
2597
7345
2879
2102
1467
4330
0
1007
0
0
2629
0
0
6213
2402
302
225
0
0
4289
4011
1188
8051
7701
1920
7363
2103
0
8920
2852
0
7918
0
0
6758
0
1914
8551
4243
0
0
0
0
1300
0
0
1751
0
0
0
0
0
0
0
0
0
0
0
7789
0
0
7223
0
0
4617
0
0
6677
0
0
3725
704
0
5520
0
0
3069
0
0
5949
0
0
0
0
0
2970
0
0
0
0
0
3481
0
0
0
0
0
0
0
0
0
0
2743
0
0
0
0
0
0
0
0
904
4139
0
0
7169
0
0
6762
0
0
6880
0
0
7380
0
0
13749
13276
1921
3647
0
0
0
0
3053
0
0
0
6650
0
1719
0
0
0
3811
0
0
403
0
0
948
1029
0
0
0
0
40
0
0
0
0
0
2673
4195
0
3870
8290
3974
5032
9001
5507
1907
0
2744
5805
0
1898
4534
247
3755
7754
8522
9534
0
0
0
0
0
0
0
0
0
0
0
0
0
0
0
0
0
0
0
0
0
0
0
0
0
0
0
0
0
0
0
0
0
0
0
0
872
2126
0
0
0
0
0
0
4680
0
0
0
0
1156
9805
0
5794
8223
0
0
0
0
0
0
0
4279
0
0
0
0
0
6710
0
0
0
2601
1585
0
0
5381
0
0
129
0
0
3756
0
0
1417
0
0
3598
0
0
0
0
0
0
0
0
0
1202
0
0
0
0
0
0
0
723
0
0
6767
0
1476
4542
0
0
3507
0
0
5158
0
0
12534
7177
4171
0
0
1403
0
0
0
0
0
0
0
0
0
0
0
0
0
0
6155
0
0
0
7911
0
0
2666
0
0
2450
0
0
1286
0
0
1426
0
0
880
0
0
0
665
8273
7419
12144
17722
11292
13775
3870
6441
14054
12559
12181
4161
1622
5133
1368
0
0
0
0
0
0
0
2055
0
0
0
0
0
0
0
0
0
0
0
0
4529
9205
0
9379
9709
0
1652
0
2090
17241
0
7252
2249
0
0
2643
13249
0
0
0
0
0
0
0
0
0
0
0
0
0
0
0
345
0
0
0
0
0
0
0
0
0
0
0
0
0
0
0
0
0
0
0
0
2083
0
0
569
0
0
377
0
0
2670
0
0
4547
0
0
438
0
0
3254
0
0
0
0
0
0
0
0
1098
0
0
0
0
0
0
0
0
0
0
0
0
0
0
0
0
0
0
0
0
0
0
0
0
0
0
0
0
0
0
0
0
0
0
1479
0
0
570
0
0
6339
0
0
1067
0
0
0
0
0
0
0
0
0
0
0
0
0
0
0
0
0
0
0
0
0
1580
0
0
807
0
0
3107
0
0
3533
0
0
5544
6087
3622
0
0
0
0
0
0
4580
0
0
0
0
0
0
0
0
0
0
6512
0
0
0
4716
4844
4792
8342
7579
0
0
728
863
0
1682
5238
253
0
0
0
0
0
0
0
6589
0
0
0
0
0
0
0
0
0
0
0
3246
0
0
0
0
0
0
0
0
0
0
0
4135
0
0
0
0
0
330
0
0
0
0
0
0
979
7481
4995
2784
0
6087
0
0
0
0
5638
7791
0
0
0
0
0
83
955
3121
0
0
4044
0
0
0
0
0
0
0
0
0
0
0
0
0
0
0
0
0
0
0
3394
0
0
0
0
0
0
0
0
401
2630
3587
253
1096
0
3826
3905
4555
4688
0
0
0
1603
0
0
0
0
0
2314
4722
6218
0
0
0
2335
0
6273
2291
0
0
0
0
0
0
0
1816
0
0
5302
5543
0
437
0
0
0
0
0
2022
0
0
0
0
0
0
0
0
0
0
0
0
0
0
0
0
0
1668
0
0
0
0
0
0
0
0
0
0
0
0
0
0
0
0
0
0
0
0
0
0
0
631
0
0
0
0
1662
2722
3632
0
4511
7999
0
0
0
0
571
0
0
0
0
0
0
0
0
0
0
7798
0
1983
2036
4165
0
0
0
0
0
7228
0
0
0
3034
8557
4588
0
0
0
0
0
0
0
0
0
0
0
1935
3838
2219
10625
6354
1051
9006
8682
5760
2503
0
0
0
0
0
0
0
0
9907
10425
2218
0
0
0
7568
2283
0
11598
6157
0
0
0
0
0
0
0
0
0
0
0
0
0
0
0
0
0
0
0
0
0
0
0
0
0
314
0
0
5112
651
0
0
0
0
0
0
0
0
4070
0
1919
0
0
0
0
0
0
0
0
0
0
0
0
0
0
0
0
0
1740
8115
11399
2939
3424
9969
10301
11083
11246
10317
9887
7500
6393
0
0
12899
12176
14096
0
0
0
0
0
0
0
0
0
0
0
0
0
0
0
0
0
0
10102
5146
4901
0
0
0
0
0
2288
0
0
0
0
0
0
0
0
0
9930
0
0
0
0
0
0
0
0
0
0
0
0
0
149
2858
2174
0
0
0
0
0
0
0
10301
6821
0
2923
794
0
0
0
0
0
0
0
0
0
0
0
0
0
699
0
1447
0
0
0
0
140
0
0
0
0
0
0
0
0
0
881
0
0
0
6527
197
0
6936
2304
0
0
1424
5199
0
0
0
4679
0
0
0
0
0
0
0
2044
0
0
1432
0
0
0
0
0
0
7155
9026
3744
1509
1852
2929
8907
8567
12395
12099
1668
3540
7192
14630
13225
0
0
0
2421
6124
0
0
0
0
10277
0
0
0
0
2537
0
11834
19173
1436
0
0
3768
351
0
0
0
0
4323
0
5546
0
0
0
0
1787
335
0
0
0
0
0
8615
2525
3834
0
0
0
0
785
0
0
0
0
15097
6109
9009
0
0
0
0
0
0
0
0
0
0
0
0
0
0
0
0
2751
0
0
0
0
0
0
0
0
0
0
0
0
0
0
0
0
0
0
0
0
383
0
0
0
657
2054
0
0
578
0
1768
0
10060
3303
0
0
0
0
0
0
0
0
0
0
1403
0
0
0
0
0
0
0
0
748
0
0
0
0
0
0
0
0
0
0
0
0
624
11067
2357
0
0
0
0
0
1878
0
6721
0
6873
9794
0
0
5851
0
0
9266
0
7475
17221
12463
6871
13456
3105
0
0
0
0
4526
530
972
4114
5629
4245
1224
1524
0
0
0
0
0
0
0
2751
26
10582
0
0
0
0
0
2323
0
0
0
0
0
0
0
587
428
0
0
2568
11467
0
0
8176
0
812
6087
92
5942
1318
0
0
0
0
0
0
0
0
0
0
1546
0
0
0
0
0
0
0
2359
6243
4036
0
0
0
0
0
0
0
0
0
0
0
0
0
0
0
0
0
0
0
0
0
0
0
0
0
0
0
0
0
0
0
0
303
10643
0
13839
15006
7112
4356
0
6154
24501
9815
17448
22911
6174
6653
13805
8745
5954
0
0
0
0
0
0
0
0
0
0
0
0
0
0
0
0
0
0
0
0
0
0
0
0
0
0
0
0
0
0
0
0
0
0
0
0
0
0
0
0
0
0
0
480
2420
437
1315
0
0
0
249
0
10124
8559
274
0
0
0
10066
15484
12350
738
0
0
2570
0
0
14280
0
0
948
2716
0
36
2032
0
12777
8068
5138
0
0
0
17013
13462
7323
27787
8753
0
5825
0
0
0
0
0
0
0
1053
0
0
0
0
0
0
0
0
0
0
0
0
0
0
0
796
0
0
18009
209
0
5707
0
11515
12604
0
3199
942
5053
1823
1400
4523
3363
3571
9607
9165
16561
1803
3493
11939
4193
11874
12517
6428
2305
12328
17172
20721
2507
0
0
0
2788
0
0
0
0
197
0
78
0
0
0
0
2478
11182
0
0
0
1010
3429
3074
4004
10731
0
1059
0
5119
0
6323
3328
4280
3320
0
0
0
0
0
0
0
0
0
0
0
0
0
0
0
0
0
0
0
0
0
0
0
2579
2757
0
1321
4127
2171
4306
0
5521
6663
4379
3177
0
0
0
0
0
0
0
4067
638
0
0
0
0
0
0
0
0
0
0
0
0
0
0
0
0
0
0
0
2360
0
0
0
0
0
0
0
0
0
4886
1398
18263
7174
0
0
0
999
5770
12120
1384
2266
7126
2281
4785
8548
7100
7241
0
0
654
0
0
2825
3071
6892
2317
0
0
4638
0
0
0
7696
8844
7093
0
0
0
0
5726
4894
15389
6634
9499
12575
12557
8709
14668
13636
5339
6151
10780
4708
4044
11021
7065
0
0
0
0
937
0
0
22
7105
0
0
0
0
0
0
0
0
0
0
0
0
0
0
0
0
0
0
0
0
0
0
0
0
0
0
0
0
0
0
0
1414
6801
0
0
0
0
0
2205
1797
0
0
0
767
897
0
0
0
0
0
0
1946
2689
0
0
1934
0
399
0
0
0
1550
0
0
0
1339
8300
0
0
0
0
0
0
0
0
0
67
8103
0
0
9723
0
0
0
0
8675
12855
2440
9562
1178
0
7502
224
8738
0
0
0
518
0
0
0
0
5146
0
0
0
0
0
0
0
0
0
0
3830
0
0
0
0
0
0
0
0
0
0
0
0
0
0
0
0
0
0
0
1161
0
0
0
882
15643
7424
4917
1896
0
0
20730
6241
0
665
8985
14672
0
0
0
0
0
0
0
2468
0
8670
0
0
0
0
0
0
0
0
0
0
0
0
0
0
0
0
0
0
0
0
0
0
0
0
0
0
0
0
0
0
0
10618
13068
4232
0
0
0
0
0
0
0
0
0
0
0
0
0
9823
8382
0
245
1130
0
0
0
0
0
0
0
3106
1720
0
0
0
0
0
0
0
0
0
0
0
0
0
0
0
0
0
0
0
0
2061
0
985
2140
0
3062
0
0
0
0
10853
7368
0
0
0
4514
8045
0
0
0
10982
0
0
0
0
11296
2913
1123
6654
0
711
3040
3093
14545
2060
0
0
234
0
1763
13318
0
3638
0
0
5755
0
10123
13528
0
4697
2956
0
5326
11258
4407
3378
0
0
0
0
0
0
2063
4374
2752
0
0
0
0
0
0
0
0
0
0
5623
0
0
8273
1232
2390
529
1727
1738
558
9137
6686
5063
0
0
0
0
0
3517
0
0
0
0
0
0
0
0
0
0
0
2804
0
0
0
0
0
0
6644
2343
1338
4373
12837
1694
8234
4046
0
2703
3455
2582
0
0
0
2444
0
0
0
0
2242
0
0
0
0
0
2323
0
0
0
0
0
1683
0
0
0
0
0
0
0
0
0
0
0
0
0
0
0
0
0
0
0
0
6248
6617
5418
0
0
5956
0
9223
14341
5514
4457
0
0
0
0
0
0
0
0
0
0
0
0
0
0
0
0
0
1586
0
0
0
0
0
0
0
0
0
3443
13429
0
0
0
0
0
0
12341
7944
1569
0
0
0
0
0
1207
3116
0
0
4909
0
0
0
0
0
0
1870
0
0
0
0
0
2866
4118
5985
0
10934
1872
0
0
0
0
0
1492
0
0
0
779
9728
8264
6928
5405
1772
13260
10696
4161
0
3204
2158
13800
8671
1993
8135
5801
0
0
0
0
0
0
0
0
0
0
0
0
0
0
0
0
0
0
0
0
0
0
0
0
3061
0
9916
0
0
0
0
0
7347
12687
21035
0
12007
7561
0
0
0
961
0
1673
0
0
5731
0
0
0
0
0
0
0
0
0
0
0
1399
2478
0
319
0
0
0
1819
0
0
0
0
163
5015
0
0
3629
17882
6045
0
0
0
0
11748
2896
32551
17829
0
0
2128
2288
0
0
0
3337
0
0
0
0
0
0
0
0
0
0
0
110
0
0
0
0
0
0
0
1222
0
0
0
0
0
0
0
0
0
0
0
0
0
0
0
0
5685
11991
6716
5563
736
0
5287
0
2855
8946
7249
3706
0
0
0
0
0
0
0
0
0
0
0
0
0
0
0
0
0
0
0
0
0
9811
5961
285
0
0
0
0
0
0
0
0
0
0
0
0
0
0
0
0
0
0
0
0
0
0
3848
0
0
0
0
0
0
0
0
0
0
0
0
0
0
0
0
0
0
0
0
0
0
0
0
0
0
0
3095
0
0
0
5639
0
0
0
597
0
256
0
0
0
0
2966
0
0
0
0
0
0
0
0
8051
10649
3144
0
311
0
0
6634
0
0
8815
4511
5672
0
0
0
0
0
7140
0
0
0
0
0
0
2474
0
0
0
0
0
0
0
0
0
0
0
0
0
0
0
0
0
0
0
0
0
0
0
0
5274
438
8729
22371
17052
11755
0
0
9215
0
10422
7897
0
0
6225
11478
13728
0
1302
0
0
0
0
2016
0
0
0
0
0
0
0
0
0
0
0
10907
15460
0
0
0
0
12750
4140
0
0
0
3624
726
0
0
0
0
0
0
0
0
0
0
0
0
0
0
0
1619
0
0
0
4070
0
0
0
0
0
0
0
0
0
0
0
0
0
0
0
0
0
0
0
0
0
0
0
0
0
0
0
0
0
10814
0
0
2638
0
0
0
10176
6011
0
0
0
0
0
0
3095
10492
16104
0
0
0
0
6477
0
0
6110
182
6991
0
0
0
0
0
0
0
0
4612
524
0
0
10653
14457
0
145
16670
9789
0
0
0
12674
5999
0
0
0
0
0
0
6000
1001
0
0
0
4710
0
0
3629
0
0
1675
4136
7264
0
0
5560
7133
0
4464
0
0
0
4649
9554
11580
3973
0
0
0
0
0
0
0
0
0
0
0
0
920
4339
3129
0
0
0
0
5045
971
0
0
4056
3095
0
0
11994
0
0
0
9861
7153
0
7684
9496
9080
6634
14392
7775
3525
1606
531
7413
3711
1659
2006
7053
11781
1231
844
9964
11984
12394
6679
0
0
0
6515
0
0
0
0
0
0
0
0
0
0
0
3050
0
6185
2024
0
537
8780
7834
10040
0
0
1778
0
3755
10152
1665
7082
0
0
0
0
0
4235
5413
40
6161
0
4035
6843
0
4415
3234
1614
0
4149
15354
0
0
0
0
0
0
0
0
0
0
0
0
0
560
0
0
0
0
14788
7740
0
0
3804
5366
707
0
1466
9314
6763
0
0
3371
7430
0
0
0
0
0
0
13174
10528
12683
0
9812
10239
6274
10943
8295
1591
3403
0
0
0
0
0
0
0
0
0
0
0
0
0
0
0
0
0
0
0
0
0
0
0
0
0
0
1441
1930
0
0
0
576
1807
1619
0
0
0
3885
3634
0
0
0
0
0
0
0
0
0
0
0
0
0
0
0
0
0
0
0
2637
0
0
0
0
0
0
0
0
0
0
0
0
0
0
0
0
0
0
0
0
0
0
0
552
946
0
0
0
0
0
0
0
6289
0
0
0
0
0
0
3062
2350
0
0
0
46
0
0
0
0
2161
0
0
1093
0
0
0
0
0
0
0
0
0
4078
1548
8459
10350
0
0
9997
4613
3769
10626
19386
13513
0
0
0
0
0
0
0
0
0
0
0
0
0
0
0
0
0
0
0
0
0
0
0
0
0
0
0
5448
0
0
0
0
0
0
0
0
0
0
3313
0
0
0
0
0
3403
0
0
0
0
0
0
0
2308
4383
0
0
1744
2674
9286
0
0
7230
0
0
0
0
0
2516
0
10524
7358
1990
9994
4330
0
0
0
5462
4131
6280
5739
4096
9088
11090
0
2213
0
0
0
0
0
0
0
0
0
0
0
0
0
0
0
0
0
0
0
0
0
4974
0
0
1162
0
0
0
579
4506
0
1742
8444
1500
0
397
3171
0
1565
1778
0
0
0
0
0
0
0
0
0
1698
738
0
0
0
0
1475
0
0
0
0
0
0
0
8736
0
0
0
0
0
0
2859
1700
0
0
1356
4945
225
11844
10302
12282
5703
0
10743
5142
4243
2520
0
0
5268
9931
10419
0
0
0
0
0
0
0
0
0
0
0
684
0
0
0
0
0
17
0
0
0
0
0
0
8271
0
0
2125
2778
0
0
9955
56
4634
4922
0
0
0
1918
0
0
0
0
0
0
0
0
0
3086
8017
1724
2607
0
0
0
0
0
0
0
0
0
0
0
0
0
0
0
0
0
0
0
0
15172
18358
23376
8352
5195
0
11593
4343
3691
1657
7104
0
891
2292
0
7599
0
0
0
0
0
0
0
0
1463
2361
0
0
0
0
0
0
0
0
0
0
0
0
0
0
0
3460
14320
5608
0
4300
15565
0
14309
11042
0
0
83
4575
3930
2427
0
0
0
0
0
0
3755
4192
0
443
0
0
0
0
0
0
3904
0
4324
0
0
0
0
0
0
0
2919
789
0
0
3311
0
0
988
0
9839
3418
4123
41
0
9765
3418
0
0
0
0
3220
0
0
12970
13410
13181
0
0
0
0
3095
5881
7410
9071
5993
0
0
2155
6515
1636
0
4085
4891
4433
0
0
0
0
0
1916
0
0
3174
0
8900
6006
3834
14626
16087
4630
5540
5345
0
0
0
0
0
0
11969
1139
0
1533
0
0
2671
0
0
0
9274
12115
0
2147
7920
0
0
4346
0
6808
5416
726
0
0
8138
1326
0
7259
5086
7463
0
0
0
0
0
0
0
0
0
0
0
0
0
0
1960
0
0
0
11997
6961
9171
0
0
0
0
0
2725
0
0
849
0
0
0
0
0
0
0
0
0
0
1573
490
0
2854
0
0
2272
8396
0
4587
7771
0
1456
1590
0
0
0
0
16322
7784
9148
0
0
14544
7720
3453
14723
0
0
0
2128
12899
6484
0
8607
1159
6533
0
0
0
0
0
0
0
0
0
0
0
0
0
0
0
0
0
0
0
0
0
0
0
0
0
0
0
0
0
0
0
0
2738
0
0
0
0
0
0
0
9237
6663
2557
5836
364
0
0
0
0
0
0
0
0
0
0
0
0
0
0
0
0
0
0
0
0
0
0
0
0
0
0
0
0
0
0
1682
0
0
0
0
0
3015
0
2938
915
0
0
0
0
0
0
0
0
0
0
0
0
0
0
0
0
0
2738
0
0
0
0
0
0
0
0
0
0
0
0
0
0
3019
3837
7677
179
0
0
0
0
0
0
0
0
0
0
0
0
0
0
0
0
1000
0
0
0
0
4634
0
0
0
0
0
1527
0
0
0
0
0
0
0
0
0
0
0
0
0
0
0
0
0
0
0
0
0
0
0
0
0
967
0
0
0
2829
5165
5877
3000
731
3814
8595
10001
3585
11998
7347
0
11910
6456
7674
0
0
0
0
0
1390
0
2382
9286
0
0
0
0
0
0
0
4772
4639
0
0
0
0
0
0
0
0
0
0
0
0
0
0
0
0
3067
0
2993
4699
0
1425
18102
17644
17868
0
0
8259
0
0
10310
0
0
3090
10122
12914
0
0
0
0
0
0
0
969
0
0
0
0
0
0
0
8472
10858
10136
0
0
0
0
0
3863
0
0
4335
0
0
1124
0
2002
9531
0
2524
16960
0
0
0
0
0
0
0
0
3179
0
0
14433
0
0
0
0
2543
0
1978
2941
0
0
0
0
377
0
0
865
0
0
2944
0
0
0
0
0
0
5098
0
0
0
0
4389
0
0
1556
0
0
0
0
0
0
0
6220
1187
4494
5944
0
0
0
0
0
0
0
0
0
0
0
0
0
0
0
5250
2617
2938
10523
0
0
432
8772
13187
6083
2404
6027
3738
3326
10744
0
0
0
0
0
0
0
0
0
0
0
0
0
0
0
0
1053
3310
0
0
0
0
0
4883
0
0
6486
9003
373
0
0
11569
0
6269
8224
0
934
0
0
0
0
0
0
0
0
0
0
0
0
0
0
0
0
0
0
0
13840
0
3074
0
0
0
0
4412
6753
0
0
0
0
1127
0
0
0
0
0
0
0
0
0
2669
1821
0
0
0
936
3253
0
2561
191
0
0
258
979
0
0
0
0
8063
8749
0
0
0
0
0
0
0
0
0
0
0
6852
0
0
0
0
0
0
0
0
0
0
0
0
0
0
0
0
0
0
0
0
0
2246
16030
10862
12302
1552
4387
11657
5845
4077
3949
0
0
7933
17630
12478
0
0
0
0
0
0
0
0
0
0
0
0
0
0
0
0
0
0
537
9
0
0
0
0
0
0
0
0
0
0
0
7223
0
0
0
0
0
0
0
0
0
0
0
0
0
0
0
0
0
1078
0
203
0
0
0
0
4774
11144
5214
2246
0
0
0
0
5212
5757
0
2565
0
0
951
0
0
845
4823
0
741
3213
0
0
0
2127
5144
3506
5553
12195
5226
10325
4773
0
0
0
0
0
665
12666
0
0
0
16644
10960
0
15161
17299
0
8221
9940
0
0
0
0
3083
5333
0
0
0
0
0
0
0
1112
2481
0
0
0
0
0
0
0
2409
0
0
0
0
3448
0
0
0
0
7985
3772
0
3240
0
0
8083
6485
0
0
0
0
0
0
3859
0
0
0
0
0
0
0
0
3072
4479
2330
9718
3599
0
0
0
0
707
0
0
0
329
405
0
0
0
0
0
931
0
0
0
0
0
0
0
0
0
5463
12770
4235
4089
2255
0
0
2159
0
1061
0
0
0
0
0
0
0
0
0
0
0
0
106
6500
0
0
0
0
0
0
0
0
0
0
761
0
0
0
0
3091
2700
0
0
0
0
0
0
0
0
0
0
0
0
0
0
0
0
0
1258
0
3674
0
0
7721
5171
0
0
0
0
0
0
3836
0
0
0
417
0
0
4505
0
7825
5337
0
0
0
0
0
0
0
0
0
0
0
0
6441
0
0
1225
0
0
2900
24
1865
718
0
0
9571
5418
0
1686
970
0
3719
6726
157
5512
8469
7234
7023
2766
0
0
0
3652
0
0
5974
14137
0
8652
0
0
3770
3231
0
0
0
3718
0
0
0
1999
6461
0
0
0
0
0
0
0
0
0
0
0
0
1733
0
0
13252
8109
12250
182
0
0
3533
0
0
0
0
0
0
0
0
0
0
0
0
0
0
0
0
0
0
0
0
0
0
0
0
0
0
0
0
0
0
0
0
0
0
0
0
0
0
0
8058
10001
12052
12616
10832
16368
10811
10277
4298
7284
6830
1862
0
9131
11531
19374
16617
10510
0
0
0
0
0
0
5390
0
0
0
0
0
0
0
0
0
0
0
3910
2871
838
2034
502
0
0
0
0
0
0
0
1853
6895
3979
0
3021
4700
1005
1393
0
6206
11255
9047
0
0
0
0
0
0
0
2148
0
0
27590
21027
0
0
847
0
0
591
0
3533
0
0
1545
8248
0
713
0
0
0
0
0
0
0
0
0
0
0
0
0
6510
324
0
0
0
0
6133
6344
0
0
0
566
3021
5496
9226
0
4599
17037
6701
9570
0
0
4163
8430
16147
18858
0
0
0
0
5916
12924
0
0
0
0
0
0
0
0
3727
0
0
1314
0
1208
6799
0
0
0
0
0
0
0
6068
0
0
4113
6769
3844
1284
0
0
0
0
0
4147
6959
20489
89
0
2910
0
0
0
5262
0
1389
7558
0
5374
120
0
0
0
0
0
0
0
0
7351
0
0
0
0
0
1314
0
0
0
0
1534
2759
0
0
0
0
3122
0
7531
8057
2609
14341
12259
11432
0
0
0
0
3236
0
0
0
2191
2939
4751
0
0
0
0
0
0
0
0
0
0
0
5911
0
0
0
5313
8251
0
0
3640
0
0
0
0
4734
7602
0
0
0
0
2356
0
0
118
0
0
0
0
0
0
0
0
0
0
0
2195
993
0
0
0
0
0
0
0
1747
0
0
0
0
0
0
0
0
0
0
0
0
0
0
0
0
1942
0
1644
0
840
0
0
0
12025
9983
2054
2942
1676
7980
4714
0
0
0
4264
0
0
0
5762
1548
344
18342
0
0
11964
0
0
0
1301
0
5483
0
0
0
0
0
0
0
0
0
9848
0
0
0
2138
388
0
0
0
0
0
0
9110
11635
0
0
0
0
0
0
6118
0
0
1775
12925
0
3781
439
1851
0
0
2706
0
0
0
0
0
0
0
0
0
0
4002
0
0
0
2773
0
0
0
0
0
0
0
0
0
0
0
0
0
0
0
0
0
0
0
0
0
0
0
0
0
0
0
0
0
0
0
0
0
0
0
0
0
0
4492
0
0
0
12532
15723
6355
20035
0
0
8085
12297
25122
6062
0
2116
0
0
0
2374
0
0
0
7392
13982
0
0
0
0
0
0
0
0
0
0
0
0
0
0
451
0
0
0
0
0
0
0
0
0
0
0
0
0
0
0
0
0
0
0
0
0
0
2602
0
0
0
0
0
0
0
0
1640
1423
0
0
0
3444
9635
11541
0
5975
0
0
0
5954
0
0
0
19164
9190
0
12798
2193
0
2730
0
0
0
0
0
0
0
0
0
672
12459
13307
4868
979
0
0
0
0
0
1178
0
0
0
3500
0
0
0
0
0
0
0
0
0
0
0
17044
13599
0
512
12459
10608
1201
0
1650
1983
0
550
18643
4724
0
0
0
3735
0
0
0
12966
23576
14352
465
6949
16453
17743
20431
10266
25714
11557
3851
12485
7978
8981
20790
3875
9160
0
2545
2470
0
674
0
0
0
1243
0
0
0
0
0
0
0
4524
12409
0
5303
408
8079
5843
0
0
0
206
4973
4871
2078
0
883
0
1303
9714
10836
0
0
0
0
0
0
0
0
0
0
0
0
0
0
2788
0
0
0
0
0
0
2738
0
0
0
0
0
0
0
2642
0
0
450
0
0
1701
0
0
0
4906
0
0
0
0
0
0
0
0
0
9117
2171
0
1553
0
0
0
0
0
0
0
0
0
1988
0
0
0
0
0
1424
4401
0
0
14083
0
6585
8301
1302
423
0
4160
15977
0
0
0
0
0
10019
6201
0
294
9020
5518
4083
7522
4863
0
7276
4885
0
0
0
0
1416
804
5187
1115
0
7170
7110
18202
15045
5694
5054
13304
12331
12896
8389
1640
0
2738
447
4320
3685
239
0
8977
0
0
0
0
0
0
0
0
0
0
1580
1647
0
0
0
0
0
0
0
0
0
0
0
0
0
0
0
0
0
0
7784
2127
0
0
0
0
0
0
0
2383
2059
0
0
0
0
0
0
0
0
0
7301
3008
0
0
2685
2552
0
0
0
0
0
4981
13632
0
0
9189
0
3600
8385
0
0
0
0
0
6981
0
0
0
0
0
0
0
0
0
0
0
0
9070
809
0
1824
0
2283
4864
0
0
0
0
9337
0
0
6198
0
0
0
0
0
0
0
0
0
0
0
0
0
0
0
86
5788
886
0
0
0
0
0
0
0
0
0
0
0
0
0
0
0
0
0
0
0
0
0
0
0
0
0
0
0
388
0
0
12506
8046
1500
0
0
0
0
574
1594
3213
0
0
0
0
0
6741
11229
1910
0
0
1288
0
0
12883
0
1224
0
0
0
0
0
0
0
0
0
0
433
14778
0
0
0
0
0
198
0
0
0
0
0
7390
6699
0
0
0
0
0
0
0
0
0
0
3390
0
0
0
0
0
0
0
0
0
0
0
0
0
0
0
724
0
0
0
0
0
0
0
0
0
0
3251
0
0
0
0
0
0
0
0
0
0
0
0
0
1409
7605
0
0
0
0
0
4887
323
12031
0
0
0
0
0
1453
0
5520
10459
3860
0
12770
9538
6234
17189
0
0
9589
0
2441
8887
607
589
7345
0
0
0
1730
10972
0
0
2482
0
0
0
4935
15144
9654
0
0
0
0
7830
618
1692
5766
4058
0
0
0
0
0
0
0
0
0
0
0
0
0
0
0
0
0
0
4501
2631
2984
0
0
0
0
0
9039
0
0
0
5719
1080
801
0
0
1044
2242
0
4174
0
0
1425
0
0
0
2228
0
1793
8200
5103
3435
0
3514
1714
0
0
409
10057
13235
8269
0
0
5517
0
0
3980
0
0
0
6903
0
0
0
0
0
0
0
0
0
0
0
0
0
0
0
0
0
0
0
0
0
0
0
0
0
1985
0
8509
12109
0
0
4251
0
0
0
0
0
0
3483
0
0
0
0
0
2170
8607
2403
0
0
0
10384
17754
4729
0
0
0
0
0
0
0
0
0
0
0
0
0
0
0
0
0
0
0
0
0
0
0
0
8429
0
0
155
0
0
0
0
0
0
5284
5900
0
0
0
0
0
3216
0
0
0
0
0
0
0
0
0
0
0
0
0
5442
3017
4520
13804
27007
8338
3072
6200
0
0
0
0
0
0
0
0
5450
5325
1144
8554
10589
10992
8481
2360
6342
7709
0
0
6283
2871
1436
7662
1870
0
11472
0
0
0
0
0
0
0
0
0
0
0
0
0
0
0
0
0
0
0
4247
0
0
1477
1101
0
0
0
0
3083
5716
0
3661
0
0
0
1765
0
0
12795
0
0
563
5089
9608
185
0
1167
0
1926
2088
4145
0
0
0
0
8720
8595
1460
9621
10173
213
0
1458
18495
7556
0
3076
3674
0
4166
0
0
19083
20621
5517
0
0
0
0
0
0
20869
0
0
0
0
0
0
0
0
0
0
0
3669
0
0
0
0
0
0
0
0
0
0
0
0
0
0
0
0
0
0
0
4106
0
0
0
0
0
0
0
0
0
0
8096
0
1585
9842
0
0
0
3094
0
0
1327
15158
0
0
2650
0
0
11634
0
0
0
0
0
0
0
0
0
986
0
0
0
0
0
0
0
0
0
0
0
0
0
0
0
0
0
0
0
0
0
0
0
9045
5055
0
0
0
0
0
0
0
8808
4461
98
428
4464
0
0
3014
0
1735
0
387
0
0
0
0
0
0
0
0
0
0
0
0
0
0
0
0
0
5353
0
0
0
0
0
4943
8167
0
0
0
0
0
4179
7111
0
0
0
2383
2373
0
0
4991
11955
6112
0
3137
2374
0
0
0
0
0
6333
6982
3361
7135
0
0
0
0
41
1762
0
0
0
0
0
0
0
0
0
1388
0
0
0
0
0
0
0
0
0
0
0
1004
0
0
0
0
0
0
0
628
250
0
0
9554
8035
5096
4190
2524
8026
1521
0
6481
0
0
6878
12372
11045
13324
7644
11615
0
0
0
0
0
0
12227
17367
8555
0
0
0
0
0
0
0
0
0
0
0
0
0
0
0
1694
1346
0
0
0
0
7227
6999
0
0
0
3566
955
0
0
0
1271
0
0
0
0
0
0
0
848
1709
0
5813
1539
0
0
0
0
0
542
0
0
0
0
0
0
0
0
4136
5036
0
0
0
0
2448
0
0
0
0
4122
0
0
0
0
0
0
0
0
0
0
0
0
0
0
0
0
0
0
0
0
4287
14937
3889
0
0
0
6935
5841
0
1132
0
0
0
0
0
23308
32767
17227
0
0
3431
0
0
0
0
0
0
4845
0
0
0
0
6677
0
0
0
10194
0
0
0
0
0
0
0
0
0
12350
12165
0
0
0
24684
30113
0
0
0
0
9725
22874
8298
1441
0
0
0
0
0
0
0
0
4743
0
0
0
0
0
0
0
0
0
4219
5036
4514
6554
0
8644
17108
2024
0
0
0
2616
12371
23724
0
254
1012
1440
4711
11629
9251
9576
12660
4951
7992
19033
3971
3259
6755
7777
8362
0
10006
12170
1650
15396
18260
11736
0
0
3336
0
0
0
563
5281
8705
0
0
0
0
840
0
0
0
0
8722
6482
368
12364
10319
7868
5169
0
3970
0
0
0
0
0
0
1694
4828
9826
0
2198
8026
4547
4205
1394
0
0
5030
1618
1458
0
0
0
5768
11080
0
0
0
0
0
0
0
0
0
0
0
0
0
0
0
0
0
0
0
0
0
4806
8841
0
0
0
4439
0
0
0
2972
1867
7492
3719
0
0
5370
9404
3306
0
1019
20585
23470
21215
3036
4719
5494
0
0
0
0
2192
162
0
0
0
0
0
0
0
0
0
344
0
0
0
0
0
5547
0
0
0
0
0
1207
0
0
6628
5875
2501
0
2027
5779
0
3138
4214
0
3140
0
0
934
1658
0
0
0
0
0
0
0
0
0
0
0
0
0
0
0
0
0
0
0
0
0
0
0
0
7344
0
0
0
0
0
4350
0
0
0
0
0
0
0
0
4287
0
0
0
0
0
0
0
0
0
0
0
0
0
0
0
0
0
5797
4804
0
0
0
916
0
0
0
0
0
5315
7694
0
0
0
0
0
0
0
0
0
2648
12966
4151
0
11787
0
0
7527
0
0
0
3336
2956
8257
0
0
0
10977
13821
5062
0
0
0
4076
5594
0
0
0
0
0
0
0
0
0
0
2160
0
0
0
0
0
0
0
0
0
0
0
0
0
0
5024
905
0
0
0
0
3949
0
0
0
875
0
2476
8725
0
2389
0
0
1130
0
0
0
0
0
0
0
0
0
724
0
0
0
0
493
10386
15111
0
2534
2921
19902
11916
4948
0
0
0
2162
0
2720
0
0
5059
0
0
0
0
0
0
0
0
0
0
0
0
0
0
0
0
0
0
0
0
8059
8580
3157
0
4618
13832
13182
0
0
7770
0
2374
9270
0
0
0
0
0
0
0
0
0
0
0
0
0
0
0
0
0
0
0
0
0
0
0
658
0
0
9071
16556
0
0
6
10
0
1347
6537
7477
0
8177
15277
7066
8873
5877
0
7185
18176
1876
6791
12421
13557
8729
0
12008
10120
5934
4047
2063
10454
0
0
0
0
0
0
0
0
0
0
0
0
0
0
0
3427
0
0
0
2520
2261
0
0
0
0
3907
6098
13186
15395
0
0
0
0
0
0
0
0
0
0
0
0
0
0
1311
6884
0
0
1437
0
943
8973
0
1242
0
0
0
0
0
0
0
0
0
0
0
0
0
0
0
0
0
0
0
17868
12691
19098
924
0
7172
0
1107
3061
0
5859
0
0
0
0
0
3647
4590
0
0
0
0
0
0
0
8749
0
1592
14441
0
0
2033
0
0
9394
0
0
0
13333
716
0
0
0
0
0
3627
0
0
0
0
0
0
0
0
0
5813
4738
0
0
3350
11855
4826
0
6842
390
0
0
0
0
0
0
0
4256
2069
1657
0
0
0
0
0
0
0
0
0
3284
1689
2211
0
0
0
0
0
0
0
0
0
19445
31064
957
0
0
0
0
4704
6471
0
0
0
6012
9272
659
0
0
2585
0
0
12357
3511
0
0
0
607
3295
3602
0
0
4619
0
0
8462
0
0
3324
1222
6101
5580
0
0
10324
0
0
9259
0
0
0
0
0
0
0
0
5968
700
0
0
0
0
0
0
293
0
0
0
7208
10595
8043
4399
0
0
0
6617
14139
0
0
3950
0
3231
11623
0
0
0
0
0
0
0
0
0
0
0
0
0
0
0
3446
0
0
4118
1137
1928
4650
0
0
0
0
0
0
0
0
0
0
0
0
0
0
0
0
0
0
6538
0
627
2452
0
0
3738
6482
175
0
0
2341
3593
7191
0
0
0
0
13940
11723
0
0
5027
0
8409
0
16970
5499
0
0
0
0
5460
0
0
15357
0
0
0
0
0
0
0
0
0
0
0
2700
1362
0
0
10587
17960
0
0
0
0
0
0
0
0
0
903
6714
7473
0
0
0
0
777
0
0
0
3695
0
0
0
7389
13138
0
0
0
0
326
7804
0
1890
4193
0
0
0
0
0
0
0
0
0
0
0
0
0
0
454
1155
0
0
0
24
1130
1753
0
3267
0
0
0
0
0
0
0
1489
0
0
0
0
0
0
0
0
0
0
0
0
613
10685
0
0
0
0
0
741
0
0
0
0
789
0
0
0
3078
3335
0
0
2426
0
0
13559
2975
0
5192
658
0
0
0
0
0
0
0
0
0
0
0
0
0
0
0
0
0
0
2774
0
0
0
0
0
0
0
0
0
129
0
1333
0
1105
3065
779
0
0
0
0
0
0
0
0
0
0
0
3048
0
0
0
0
0
325
0
0
0
2472
4114
0
0
0
2918
148
243
2580
4575
1679
0
0
635
7299
1679
4676
0
9503
8045
2432
891
6067
11244
13353
618
3558
13887
6393
0
2751
1394
5379
1514
3603
0
0
0
0
0
9448
1486
5324
8106
5524
5972
7694
0
0
3988
0
0
0
6961
16180
21
0
0
9008
0
7119
1936
16825
17657
8953
9755
8494
5952
15237
4726
4661
0
0
0
0
0
6932
10981
9980
0
1626
0
0
0
0
0
2450
4921
13046
0
0
7714
3009
0
0
13475
0
0
0
0
0
13037
11826
11541
17670
5619
0
0
0
0
10
0
0
0
0
419
5810
0
0
0
0
0
0
7158
2920
0
0
0
0
0
0
0
0
0
0
3982
0
0
0
0
0
995
0
0
8966
12109
0
0
2115
20644
19349
6882
7301
5791
1926
18324
7865
0
2392
0
0
0
0
2008
0
0
0
0
0
0
0
0
0
0
0
0
0
0
0
0
1244
3440
4252
2486
0
1535
0
0
2775
0
0
834
0
0
3293
5592
0
0
0
0
0
2582
114
0
0
0
0
0
0
0
0
0
0
2117
0
0
0
2149
12681
0
0
0
0
0
0
1101
0
0
7738
2283
6894
24651
0
0
0
0
860
0
0
0
0
0
0
1221
0
0
0
0
9042
0
0
0
0
0
0
0
0
0
0
0
0
0
0
0
0
0
0
0
0
0
0
0
2465
0
0
0
0
0
0
0
0
0
3618
0
1427
0
0
0
0
0
0
0
0
0
0
0
0
4148
1216
0
8519
1666
0
0
0
0
0
0
0
0
0
0
0
0
0
0
0
0
0
0
0
0
0
10155
20105
9562
0
3271
3259
2392
9351
3297
3167
6695
0
3520
3399
0
2224
0
5634
0
0
0
0
0
0
0
0
0
0
0
0
0
0
0
0
0
0
0
0
0
0
0
0
0
0
0
0
0
0
0
0
0
0
0
0
0
0
0
6379
8090
0
0
385
9309
0
0
2491
0
0
0
4101
20956
5378
0
0
5960
11691
17154
11854
0
0
0
4628
0
0
0
0
0
0
336
0
1585
0
0
0
0
0
0
0
0
0
0
0
0
0
0
0
0
0
0
0
0
8269
0
0
0
0
4487
0
0
7529
0
0
4356
0
0
0
0
0
0
0
2450
1476
0
0
0
0
0
0
0
0
0
0
0
2971
0
0
0
0
0
0
0
0
0
0
0
0
0
0
0
0
0
0
0
1205
0
0
0
0
0
0
0
0
0
0
0
0
0
0
0
0
267
2184
0
0
0
0
0
0
0
0
0
0
0
0
0
0
0
0
0
0
0
42
0
0
0
0
4788
0
0
0
401
0
0
4669
841
0
0
0
124
0
0
0
0
0
0
0
0
0
0
0
0
771
0
0
0
552
1379
0
0
0
0
0
642
0
0
0
0
0
0
0
0
0
0
0
0
0
0
0
0
0
0
0
2059
0
569
0
0
0
880
8090
0
0
0
0
0
0
0
0
4694
8610
8461
5779
0
0
2737
0
0
1409
15648
6497
0
0
0
2310
0
0
157
0
1501
0
2486
0
0
0
0
0
0
0
6626
0
0
0
0
0
0
0
0
0
0
0
0
9436
0
0
2843
217
0
0
0
0
0
0
4514
0
0
0
0
0
0
0
0
0
0
0
0
1190
0
0
0
0
0
0
0
0
0
0
0
0
0
0
0
0
0
0
0
0
4401
0
0
0
0
0
1753
0
0
0
0
0
0
1338
0
2082
27117
9737
0
0
0
0
0
0
0
0
0
0
0
2849
0
0
0
0
0
0
0
0
0
0
0
0
0
0
0
0
0
0
5071
4465
803
11724
0
0
3843
3418
4626
0
0
4162
3819
0
0
22829
20986
5701
0
0
0
0
0
0
0
0
0
0
0
0
481
591
4754
0
0
0
3288
6387
3907
0
0
0
0
0
0
0
0
0
0
0
0
0
0
0
0
110
2748
0
0
12042
0
7338
0
0
0
0
0
5883
0
4576
0
0
0
0
0
8468
0
3691
0
0
0
0
0
0
0
0
0
0
0
0
0
0
0
0
0
0
0
0
0
0
0
0
0
0
0
0
0
0
0
0
0
783
0
0
8078
0
9590
0
0
2088
8013
0
2826
0
0
0
0
0
0
0
623
857
0
0
0
0
0
0
0
0
0
0
0
0
0
0
0
0
0
4677
0
1083
0
0
0
0
0
0
0
77
0
0
0
0
0
7634
2949
3459
0
0
0
0
0
0
0
0
307
26477
16991
2208
0
0
0
0
0
3514
0
0
0
0
0
0
0
0
0
0
0
0
0
0
137
11904
12612
0
5337
0
0
9261
0
0
7140
0
0
4233
14178
0
0
0
0
0
0
0
0
0
0
0
0
0
0
0
0
0
0
0
0
0
0
0
0
0
0
0
11332
0
5622
9510
0
4706
8171
0
0
0
0
0
0
0
0
0
0
0
0
0
0
0
0
0
0
0
0
0
3867
6739
0
0
0
9815
0
0
0
0
0
0
0
0
0
0
0
0
0
0
0
0
0
0
0
0
0
0
0
0
0
0
0
8859
1615
0
0
0
0
0
0
0
0
7428
0
0
5334
3508
0
2116
11623
0
0
0
2422
5007
11834
0
6422
6583
5318
0
0
0
0
0
5949
3814
0
0
0
6676
0
3827
14213
0
7624
0
2664
3233
0
4463
0
0
2840
0
0
0
4776
0
0
0
0
0
0
0
0
0
0
5370
4839
0
0
0
0
0
0
0
0
0
0
0
0
0
0
0
0
0
0
0
0
0
0
0
0
0
0
0
0
0
0
0
0
0
836
0
0
1239
0
0
2870
0
0
0
0
0
2695
0
0
3556
0
703
15032
4714
5354
18331
0
0
12034
0
0
9317
1077
0
0
6044
3789
5142
0
2009
4085
246
8468
9588
0
6067
9239
2178
0
5948
4782
7110
4035
0
0
2278
1125
0
868
0
0
0
0
0
241
0
0
0
0
0
0
0
0
0
0
0
0
0
0
0
0
0
0
0
0
0
0
3614
20153
0
0
13535
5043
942
5033
0
0
0
0
0
0
9773
13115
15364
681
16633
5094
14543
0
0
1292
0
0
0
0
0
0
0
694
0
0
0
0
0
0
2768
0
0
0
0
0
6868
0
0
0
0
0
3712
0
0
0
0
3150
0
5130
0
0
0
2031
0
0
0
2584
3378
0
0
3135
4950
9858
12582
3514
0
0
0
3552
0
0
0
0
0
1464
0
0
8891
0
0
10826
17960
7704
12932
6405
14101
2839
4273
5770
0
0
3352
95
1119
1860
17199
9471
7062
2350
0
0
8672
4483
0
0
0
0
0
0
3467
0
0
0
3854
6950
2259
0
9971
15702
0
0
0
0
0
0
12180
5987
0
0
2470
0
10098
7965
795
0
0
0
0
0
0
0
0
0
0
0
0
0
0
0
0
0
0
0
4917
14205
814
8515
0
8676
0
0
5140
0
1548
9581
0
0
5228
2331
0
0
0
0
0
0
0
0
0
0
0
0
0
6975
0
0
2360
11916
0
0
0
0
0
0
0
0
0
2472
1645
0
0
0
0
0
0
0
2087
14420
0
2176
0
6976
17318
8083
10562
5889
4229
7987
0
10967
17649
7984
9544
21216
22536
2204
0
0
0
4784
15755
0
0
0
0
0
0
0
0
0
3550
0
1955
10285
781
5393
25380
9435
5686
9669
3560
13929
10478
1763
15757
0
0
0
18797
7677
2715
1058
3580
6252
0
0
0
0
0
0
1714
1731
0
0
0
0
0
0
0
0
0
0
0
0
0
0
0
13268
0
0
11688
0
0
4510
0
0
0
0
0
0
0
15528
3170
0
0
0
306
0
0
0
0
0
0
0
0
2127
1972
0
1994
0
0
3113
0
0
0
0
0
0
0
0
0
0
0
0
0
6
0
7985
17634
357
0
7818
0
0
3359
0
0
1059
3027
12874
15185
2868
0
0
0
0
0
9763
0
0
3982
0
0
1705
1030
0
0
0
0
0
0
13517
0
0
0
0
0
2420
0
0
0
0
0
777
0
0
0
0
0
0
0
0
0
0
0
0
0
0
0
0
0
0
0
0
0
0
0
0
0
9546
2375
1224
0
0
0
0
0
5955
0
0
8261
6807
1806
16770
5665
0
6160
3105
0
0
0
0
7200
4666
0
0
4473
1425
0
1203
0
0
0
0
32059
16285
0
0
0
0
1506
0
0
0
0
0
14102
23453
0
0
0
4763
9974
18297
15298
0
0
0
0
0
0
0
0
0
0
0
0
0
0
0
0
0
0
0
0
0
0
0
0
0
0
0
0
0
0
0
0
0
0
7365
0
0
0
0
0
0
0
0
0
0
0
0
0
11740
24203
10515
0
0
0
0
0
0
0
0
0
0
0
0
8963
0
0
0
0
0
5284
592
6642
7555
18139
7982
0
1178
3278
0
3710
9917
5761
0
5708
0
1815
29620
0
6876
3502
6505
5605
0
18894
13411
0
2747
0
0
0
1097
0
1797
4375
3169
0
0
0
0
0
0
0
0
0
0
0
0
0
0
0
0
0
0
0
3051
0
9723
11823
4473
13761
14588
7892
270
0
196
0
0
7275
4899
1194
0
0
0
0
0
0
6847
0
0
8364
0
0
0
6940
0
0
0
0
0
25064
14490
0
7427
0
0
3938
0
0
2578
0
0
18819
19120
0
0
0
0
0
0
16805
0
0
1053
0
5667
4933
0
11379
12936
0
0
8810
0
1053
6437
0
0
0
7915
0
0
8578
0
0
10694
0
0
0
1173
0
0
1872
9411
8170
14318
0
3526
4987
1821
6762
5151
0
6546
0
0
411
6980
0
0
0
0
0
0
0
0
0
0
0
0
0
0
0
0
0
0
0
0
0
0
0
0
2661
0
0
0
0
0
0
0
0
0
0
0
0
0
0
0
2987
0
0
0
0
0
0
0
0
0
0
0
652
0
0
2735
1773
0
18295
2066
0
0
0
1259
0
0
644
0
0
0
11622
0
0
8922
7431
4427
10270
6333
0
0
0
0
4777
956
0
5769
4687
0
9105
2666
0
0
0
0
276
0
0
0
0
0
0
0
0
0
0
0
2229
0
0
0
10073
19268
27
0
0
13415
6085
0
4150
0
376
0
0
1490
6843
0
0
10982
5500
0
4023
12958
16959
2201
17296
11335
0
0
1261
0
0
0
0
0
0
0
0
0
542
0
0
3343
897
7800
0
0
6111
0
0
0
0
0
0
0
1837
8523
18240
0
0
1890
0
0
0
0
0
0
0
0
1368
0
0
0
0
0
0
0
0
0
0
0
0
0
0
0
0
0
0
0
0
0
0
0
0
0
0
0
0
0
0
0
0
0
0
0
0
0
0
7364
17664
0
0
0
1419
0
0
4865
3387
2034
887
0
0
4326
0
0
0
0
0
0
0
0
0
0
0
0
0
0
0
0
0
0
0
0
0
0
0
0
0
0
0
0
0
0
0
0
0
0
0
0
0
0
0
8837
11484
901
0
0
5208
0
0
4798
0
0
1590
0
0
0
0
0
216
0
0
0
0
15691
11387
0
9193
0
0
4904
0
0
837
0
0
0
25869
0
0
0
0
0
0
0
0
0
5236
1108
0
0
2258
0
0
0
0
5524
0
5881
605
6288
2562
0
0
10057
0
0
0
11226
0
26
6283
13699
971
0
0
0
0
0
0
0
0
0
0
0
0
0
0
0
0
0
0
0
0
0
3001
0
0
0
0
0
0
0
0
0
0
0
0
0
0
2190
4656
0
17382
3553
0
0
0
0
0
0
0
1395
0
0
13421
2496
0
195
1173
0
0
1052
0
0
0
0
4190
0
0
0
0
0
0
0
0
5039
12203
19874
0
0
19800
0
0
8783
0
0
0
0
0
0
0
0
2038
0
0
0
0
0
0
5294
8884
5551
0
392
0
0
0
0
0
0
0
0
0
0
0
0
0
0
0
0
0
0
0
0
0
0
0
0
0
0
0
0
0
0
0
0
0
0
0
0
0
0
0
0
0
0
980
0
3790
11149
3198
0
0
0
0
0
0
0
0
0
0
0
0
0
0
1012
2429
0
15876
28247
0
0
0
0
209
0
0
4037
0
0
0
3414
0
0
340
0
0
0
0
0
0
0
0
0
0
0
0
1301
0
0
0
0
0
0
8162
0
0
0
315
1274
0
0
0
0
0
0
5560
0
0
0
0
1839
0
0
145
0
0
0
0
2651
509
0
0
0
6358
5743
1164
3446
7607
8937
5510
0
0
4381
0
0
5332
0
986
0
0
0
4223
2080
1386
14154
14604
12996
6726
1608
2225
4465
0
729
3785
3470
0
0
0
0
12210
7203
276
4978
5432
12232
0
0
0
3692
0
2398
0
0
0
1917
264
0
3623
0
0
6524
4729
0
0
0
0
0
0
746
0
7648
18
0
9579
3440
8973
597
0
5642
1041
558
17660
26811
0
3492
1530
2044
7754
6519
0
13258
6657
0
4722
26898
10007
0
0
0
0
0
0
0
0
0
0
0
0
0
0
0
0
1508
0
0
0
5165
13126
24597
14004
14023
10883
2502
1956
0
0
0
0
0
13257
9030
262
13324
1837
0
12546
3799
0
0
0
0
4815
2986
0
0
0
0
0
0
0
0
0
0
0
0
16288
0
13056
14261
0
5432
10946
0
4374
14677
0
0
6362
0
0
0
4478
0
0
3051
1588
9164
0
0
5647
0
0
1331
3482
0
0
6037
0
1038
0
0
0
0
0
1284
0
0
0
0
0
0
0
3089
0
0
563
3934
0
0
0
0
0
0
0
0
0
0
0
0
0
0
0
0
2299
0
0
5045
6856
0
0
0
0
0
0
1487
0
0
0
0
0
0
0
0
0
0
0
0
0
2801
0
231
1853
0
0
0
0
0
0
0
0
0
0
0
0
0
0
0
8087
0
0
405
0
0
0
0
0
8659
299
0
0
10628
15113
0
735
5364
0
0
0
3190
4128
0
0
13946
13452
0
0
3000
0
0
0
0
0
0
0
0
0
0
0
0
0
0
0
0
0
0
0
0
0
0
0
0
0
0
1427
0
0
0
0
0
0
0
0
0
0
416
0
0
0
0
0
0
0
0
0
0
0
0
0
58
0
0
0
4790
6567
468
0
0
0
0
0
3649
0
0
8522
0
0
0
0
0
0
0
0
0
0
0
0
0
0
0
0
0
0
0
0
4902
0
2627
7805
13113
0
14945
8826
0
13182
3935
0
18252
14380
0
1778
17989
6124
0
0
0
0
0
0
0
0
0
0
0
0
0
0
0
0
0
0
0
4294
9184
7778
0
0
0
0
0
0
0
0
6445
0
0
5587
0
0
15683
17429
3016
22266
10973
31
2969
0
0
0
0
0
0
0
0
22531
19786
3801
0
0
0
0
0
10573
0
602
6047
0
0
0
0
0
0
0
0
0
0
0
12541
0
1876
0
11350
115
0
0
1812
0
0
0
0
3413
12429
0
0
0
0
0
0
0
0
0
0
5789
0
0
5046
0
0
0
0
0
0
0
0
0
0
0
0
0
0
0
0
0
0
0
0
0
0
0
7856
0
6058
12671
0
0
0
0
30
0
0
0
0
0
0
8597
12500
0
0
0
0
0
0
0
0
0
0
0
0
0
0
0
0
0
0
0
631
0
0
0
5708
0
0
0
0
0
0
0
0
0
0
0
3907
0
7810
5569
0
7880
958
0
0
0
1034
0
0
9883
0
0
3477
9797
5367
0
0
0
3689
0
0
18754
984
18892
8661
0
4973
3007
4836
3034
10575
0
0
0
0
0
854
10417
0
0
0
0
1846
0
0
0
5977
1941
0
10347
5900
0
5901
14201
4880
6243
6455
0
5162
0
0
0
0
0
0
0
0
3572
0
0
0
0
0
0
4150
9651
3798
12620
10917
6426
11963
7770
0
10631
13703
0
0
11252
0
0
0
0
0
0
0
0
0
0
0
0
1127
0
0
6058
0
0
0
129
3839
7772
14142
4175
16445
4939
0
3289
0
0
7884
0
0
0
11022
7782
0
0
0
0
0
2406
502
9470
1881
0
4547
1910
2812
6953
5766
0
0
3460
0
0
0
0
0
0
0
0
0
0
0
0
0
0
5898
0
0
0
2458
0
0
0
0
0
4222
4045
125
2269
5980
0
0
0
0
0
0
0
3369
11951
10564
27352
9566
0
0
0
0
1431
0
0
0
0
0
10515
15048
1579
6378
0
0
0
0
19381
0
0
5192
0
0
4125
0
0
0
0
0
0
0
0
0
8352
0
0
0
0
0
0
0
0
0
0
0
0
0
0
410
0
0
0
592
2985
0
3654
0
9200
4980
0
0
0
0
2724
0
0
0
0
0
0
0
0
0
0
0
0
0
0
0
0
0
0
0
0
0
0
1369
0
0
3288
0
0
0
0
0
0
0
0
0
0
0
0
0
0
0
0
6032
4640
1018
0
0
0
0
0
0
0
0
0
15970
7064
0
0
0
0
0
5050
7987
4716
7168
0
0
2295
0
0
1144
2093
0
0
0
0
0
0
0
0
0
0
0
0
0
0
0
0
0
0
0
0
3334
9292
0
10433
10708
0
0
0
0
0
0
0
5108
0
0
0
0
0
1463
1429
0
0
0
0
0
0
0
0
0
0
0
0
0
0
0
0
0
0
0
4026
0
98
1086
1382
3737
4585
0
0
1503
0
0
10175
9506
0
8516
8081
7829
14187
8752
11930
0
0
404
0
0
0
0
0
0
1228
0
0
0
0
0
6511
0
0
0
0
0
0
0
0
0
0
0
3542
0
0
2921
19991
12454
14358
0
0
0
0
0
2493
0
0
0
0
0
19962
7859
0
0
0
3535
13428
146
0
0
0
0
0
0
0
0
0
0
16137
6530
0
0
0
712
0
5604
7032
1213
10234
17080
7225
9066
20571
16270
14780
20588
0
0
3756
0
0
0
0
0
7400
7808
15848
13453
0
4423
6967
0
0
4976
0
0
6862
0
7037
12867
0
0
639
0
0
0
0
0
0
0
0
0
0
0
0
0
0
0
13717
0
0
0
0
7906
0
0
4998
0
0
0
16257
0
0
0
0
3577
0
0
6896
0
0
0
0
0
0
0
0
0
0
0
0
0
962
1906
0
2156
8212
3833
11317
14431
0
10731
10146
5798
10806
7921
0
0
3100
3903
5609
8744
7480
17717
3420
3325
9662
6943
11897
12101
0
1622
7087
0
0
0
3936
1666
0
914
0
7529
0
0
0
0
0
0
0
1375
0
0
0
790
0
0
0
0
0
0
0
0
0
0
0
0
0
0
0
0
116
6120
0
0
0
0
0
0
0
0
0
0
0
0
0
0
0
0
0
0
0
0
0
0
0
0
0
0
0
0
0
0
1920
0
0
0
0
0
4202
0
0
2324
16768
0
0
0
0
0
0
0
0
0
0
0
0
0
0
0
0
0
0
0
0
0
0
0
0
0
0
0
0
0
0
0
0
10166
2465
0
5030
0
0
0
0
0
0
0
4156
0
0
93
11107
0
0
0
0
0
0
0
0
0
0
0
0
0
0
0
0
0
0
0
0
0
0
4260
0
0
0
0
0
0
0
5095
0
5291
4723
1592
0
0
0
0
6314
13929
6670
4557
0
6235
0
395
479
0
0
0
4493
1275
6085
3029
8292
0
0
6388
10878
17000
3742
7008
0
1794
0
0
0
0
3410
2802
1660
4251
0
0
1254
0
6
0
0
0
0
0
0
1023
0
0
6537
11907
15028
10157
4484
987
0
0
0
0
0
15068
14567
4880
1709
5993
14902
0
213
0
0
0
4225
5121
0
0
0
0
6002
0
11078
12753
2240
0
1071
5938
0
0
0
0
0
0
12246
6287
7018
1737
10299
0
0
0
0
0
0
4378
0
0
0
2085
0
5593
3989
0
0
0
0
0
0
0
0
0
0
1048
10448
7868
9821
3997
9207
2258
13843
0
0
8959
17007
8891
0
0
1867
0
0
258
11956
5637
195
0
0
0
2717
0
0
0
0
0
0
0
2519
6673
10069
0
3005
8184
11879
11024
7666
0
0
0
2711
0
0
0
0
0
0
0
0
13490
0
0
0
0
0
0
13446
0
0
0
1285
0
0
0
5216
0
0
7850
1250
0
0
0
0
5183
2678
2227
626
3949
3287
0
0
0
0
0
0
0
12054
6901
1426
0
5537
0
5897
804
3530
1589
0
6196
7576
0
0
1277
1779
11440
582
13000
2864
3425
4056
9405
0
2327
0
0
0
0
0
0
0
0
0
0
0
0
0
0
0
0
0
0
1219
3772
2746
0
210
3257
8801
9989
14553
5501
0
0
0
0
0
0
1662
0
0
0
0
0
684
0
611
8213
3529
149
1070
0
0
0
0
0
4715
2641
6194
10526
8512
0
3652
0
4433
4780
0
0
3118
14192
6754
7751
4266
9273
6206
5298
3935
5462
3582
0
11006
0
0
0
1432
1524
0
0
0
0
0
10214
0
13879
0
0
3352
494
6034
0
0
0
0
0
0
0
4012
8134
0
0
10633
2443
5166
0
0
0
212
7275
2548
0
4402
26619
9225
0
0
0
0
2457
8682
0
0
0
0
0
0
1110
3962
0
612
23535
7902
0
0
0
0
0
10702
6283
5118
14437
7036
0
588
0
0
0
0
0
0
0
0
0
0
5182
20963
8778
10118
4305
6447
5444
0
0
0
0
0
6669
0
0
0
0
0
0
0
0
0
0
0
2401
7034
3215
4900
0
0
0
1001
12685
0
0
0
0
0
0
0
0
0
0
0
0
0
0
0
0
0
0
0
0
0
0
0
0
0
0
0
8989
8658
0
0
0
0
3868
11136
1981
0
6112
10642
14895
0
0
0
0
0
4656
0
0
0
2859
6151
0
0
3569
9152
6915
14884
12724
3559
4855
6006
3110
3205
0
1310
0
0
0
0
2888
19980
6111
0
6548
11492
14275
0
0
0
0
0
4798
0
2403
2262
5193
3195
0
0
0
0
0
0
4010
18919
6002
4409
1466
3877
0
0
0
4210
0
0
0
0
0
0
0
0
20251
0
5269
0
0
52
0
6581
0
651
144
0
0
0
0
0
0
0
2903
17473
0
1752
0
0
0
0
1661
7408
6117
0
1586
0
0
0
0
0
0
0
0
108
8441
7013
0
0
0
0
0
0
6442
16718
4490
0
0
6902
0
0
0
0
0
0
4677
3037
0
0
0
0
0
3414
9134
2288
0
229
12878
11004
939
0
596
18389
7632
0
0
0
0
0
5472
13312
15141
17395
5542
1189
0
4607
0
0
0
0
0
0
0
534
0
0
0
701
0
0
693
0
0
0
0
0
0
0
5747
20400
14334
5873
0
0
7185
7897
2859
0
5860
5109
0
0
0
0
0
0
7770
0
0
0
0
805
6411
0
1093
0
6312
5684
0
0
0
0
0
476
0
0
0
0
4795
925
0
18407
0
3031
0
0
2170
0
0
0
1168
2434
0
0
0
0
0
0
16097
12503
10968
7725
5996
9155
11767
12361
12416
4924
2591
5213
11951
950
9265
3409
5625
7535
3023
0
707
0
0
0
5236
0
0
0
0
0
4387
0
9064
2752
365
3039
0
0
0
0
0
0
0
8757
7936
6738
7078
11036
0
0
4926
8023
7933
1084
5408
0
5463
0
0
0
0
0
0
1442
2504
5308
0
2148
9462
0
0
0
0
1316
1761
4876
1434
3875
0
6905
0
0
0
0
0
8501
2372
0
0
0
0
0
0
0
0
0
0
0
6120
12730
11523
5679
0
0
0
0
0
0
0
6931
0
0
0
0
0
0
0
0
790
0
10585
1160
3041
0
0
0
0
0
0
0
0
0
0
0
871
7836
0
0
0
0
0
0
0
0
0
11255
0
577
0
8344
1959
0
4587
0
1045
2588
13662
2788
0
0
0
0
0
0
0
0
0
0
8154
3101
0
0
0
1724
0
9
2014
0
0
0
11827
9159
11506
0
0
0
2390
3840
3684
10501
12817
2045
25207
17349
1552
1779
5440
0
0
6164
2664
0
0
0
0
2154
1997
0
0
0
164
7695
540
0
2332
9484
0
0
0
0
0
0
14227
1023
0
0
0
0
0
6239
827
0
0
7673
0
773
811
95
4441
3285
0
0
0
0
0
0
3128
0
3803
3161
2036
0
0
0
0
1494
1157
0
0
0
1132
7310
2605
0
4153
7873
0
2803
0
573
0
0
0
2979
5054
2073
13199
3488
515
0
0
0
0
0
0
0
0
0
0
1671
0
0
2272
0
0
0
0
0
0
0
0
0
13194
1083
0
573
0
4364
0
0
0
0
0
1551
0
0
0
0
0
0
0
0
0
0
0
0
0
0
0
0
0
5783
0
0
0
0
0
0
0
0
0
0
0
11649
13132
13934
10544
3980
0
11072
10157
7322
8419
14386
3302
6964
0
0
0
0
0
0
3608
13498
3061
0
13685
2445
0
0
0
0
0
3423
11419
9006
9001
12731
0
0
707
0
0
0
0
0
2979
10133
3327
0
0
1253
0
0
0
0
5948
0
444
0
0
523
6631
552
0
0
0
2326
0
0
0
2892
0
0
0
0
0
0
0
0
0
11683
0
0
740
0
1587
0
0
0
0
1152
1480
0
0
0
1945
633
