0
0
0
0
0
0
0
0
0
0
0
0
0
0
0
0
0
0
0
0
0
0
0
0
0
0
0
0
0
0
0
0
0
0
0
0
0
0
0
0
0
0
4205
13718
7661
2970
7833
2561
752
0
0
0
0
0
3140
2670
0
0
0
0
0
0
0
0
0
0
1626
0
0
3284
0
0
1752
3006
3613
0
0
0
1044
1903
0
0
0
0
2724
0
0
917
0
0
0
0
0
1034
0
7915
0
0
0
0
0
780
0
0
0
0
0
0
1969
3639
0
2510
33
327
4804
0
0
2030
0
2391
0
0
1528
3587
2613
0
0
0
0
0
0
0
0
0
0
0
0
0
0
0
0
0
0
0
0
0
0
4223
7712
2922
5788
5991
0
3129
0
0
6785
0
0
6468
0
0
2923
3978
4142
4665
1578
0
2333
0
1241
385
0
0
818
0
0
1584
0
0
2948
0
0
0
0
0
65
0
0
1449
0
0
1152
0
1260
0
182
1334
0
0
820
630
0
0
2588
0
1603
1105
1218
3103
0
3069
597
0
0
0
0
0
0
0
0
0
0
0
0
0
0
0
0
3764
3184
0
4606
0
0
8637
0
3496
362
0
5305
0
0
1152
0
0
0
0
0
0
0
0
0
0
0
0
0
0
0
0
0
0
0
0
0
0
0
2777
0
0
0
0
0
0
0
0
0
0
3833
382
0
0
1691
0
0
2159
0
0
1044
0
0
0
0
4406
0
0
0
0
0
0
0
0
0
0
0
0
0
2708
16974
0
0
2821
0
0
997
0
0
0
0
0
0
0
0
0
2692
0
0
1755
0
3192
0
0
3355
163
3495
7627
3196
5035
5904
2638
1760
0
0
0
0
2051
2934
488
3103
0
0
0
2674
5597
3478
2923
3140
166
0
0
0
0
0
0
0
0
0
0
0
1288
0
0
0
0
0
8474
8156
4860
0
0
0
0
0
0
0
0
0
0
0
0
0
0
0
0
0
0
0
0
0
1871
5773
4061
0
3215
0
0
0
0
0
0
0
0
0
0
0
0
0
0
0
0
3981
11907
11209
8120
19113
10620
11205
16240
0
15215
14221
1456
13174
13938
8487
7356
5766
3624
3748
6692
2905
5760
4172
4378
0
0
0
2245
0
0
3255
0
0
1841
0
0
0
0
0
0
0
0
510
2367
3273
10234
10522
0
9357
4778
0
12869
4203
1242
12964
1189
0
8197
0
0
5226
313
0
229
0
0
0
0
12866
0
7081
3316
0
8479
9584
0
1015
0
12
0
0
0
806
6393
0
0
0
0
0
0
0
0
0
0
0
0
0
0
0
0
0
0
0
0
0
3192
3290
7110
0
0
0
0
0
0
0
0
137
821
0
0
6639
2726
0
3384
0
0
3105
0
0
0
0
0
1730
1967
0
4289
7494
6135
359
1381
0
0
0
0
4030
11238
10392
5799
5376
1635
143
0
0
942
0
0
5555
0
0
3490
0
0
3921
3890
0
3795
239
3418
0
0
0
0
0
0
0
0
0
0
0
0
0
0
4376
0
0
11945
0
0
0
0
0
0
0
0
0
0
0
0
0
0
0
0
0
0
0
0
0
2277
0
2627
6675
5152
4104
2630
0
0
1770
0
0
4587
0
0
1528
0
0
4301
0
756
971
0
0
2123
0
0
2906
0
0
707
0
0
0
0
0
0
0
0
0
0
0
761
0
0
1394
0
0
0
0
0
0
0
1213
0
0
0
0
0
0
0
0
0
401
0
452
7837
4924
6913
10005
6695
2742
7423
4639
0
10903
2882
0
11835
3612
0
10314
0
0
10192
14133
7419
0
0
0
0
0
676
0
0
0
0
0
0
0
0
0
6705
4895
0
0
0
0
2954
5642
3651
1488
2668
0
0
0
0
656
0
0
1844
0
0
0
0
561
7099
4660
5255
0
1091
0
0
0
0
0
0
4268
0
6182
208
0
10343
10254
0
5181
0
0
5649
15163
9597
3441
847
8650
0
2425
10608
0
0
10971
0
0
4642
0
0
6469
838
3400
5504
0
0
0
1221
2671
0
10306
15059
3996
18272
7079
801
24877
16129
4411
15918
8569
5796
5655
1846
2298
6120
0
0
0
0
0
0
0
0
0
0
0
0
0
0
0
0
0
0
0
1405
0
0
2525
0
0
677
0
0
704
0
0
4947
0
0
809
0
0
0
0
0
1671
0
0
0
0
0
0
0
0
0
0
0
0
0
0
0
0
0
0
0
0
2920
0
0
5622
5471
10047
9631
2732
0
6265
0
0
4731
0
0
7597
0
0
0
0
0
3831
0
0
0
0
0
0
0
0
141
0
0
0
0
0
0
0
0
0
0
0
0
0
0
559
3053
2985
0
5270
23431
2703
14487
12015
0
15210
12410
1587
13430
11545
12467
6003
1219
7731
11595
16330
9492
2201
552
2905
0
0
565
0
0
716
0
0
0
0
0
0
0
0
0
0
0
1471
3846
3185
0
0
0
111
0
0
2235
0
0
0
0
0
0
0
0
2075
4808
6072
4051
0
640
0
0
0
0
0
0
0
0
0
0
0
0
0
0
0
473
0
0
0
0
0
0
70
0
0
0
0
0
0
0
0
0
0
0
2003
13600
3742
2131
4122
5687
3689
5928
2122
3648
7655
4479
1199
2172
8106
10549
8470
8421
10294
13846
2775
7695
10607
5249
9442
10206
129
0
535
0
0
425
0
0
0
0
0
0
0
0
0
0
0
0
0
0
0
0
0
0
0
0
0
0
0
891
0
0
8814
0
0
7108
0
0
6902
855
0
0
0
2895
3856
0
0
0
0
0
6419
0
0
6273
0
0
9296
0
6145
10232
3004
90
948
0
0
0
5712
1296
0
7223
2683
0
903
0
0
913
0
0
6550
8784
1660
0
0
3580
0
0
0
0
0
0
0
0
0
0
0
0
0
0
0
3725
0
0
4115
0
0
1870
0
0
210
0
0
0
0
0
0
0
0
0
0
0
0
0
0
0
0
0
5364
927
5000
5081
4352
7402
1917
0
0
1793
0
1232
3808
0
961
8
0
0
9927
8934
12168
2915
0
0
4071
3158
0
1512
0
0
3919
6138
0
3346
0
0
2970
0
0
4123
430
0
4925
729
0
9283
2096
0
7912
0
0
5326
0
0
10615
0
0
11036
1519
0
12951
14023
8338
0
0
2342
0
4618
13508
0
0
4142
0
915
10435
0
4597
13189
0
2764
16777
1664
7314
5578
1984
5399
823
1233
4884
0
0
0
0
1732
0
0
2095
0
0
2319
4652
8151
3415
2820
6461
0
0
0
8
0
0
0
0
4238
0
0
4753
0
0
2244
0
7807
6885
952
266
15819
0
3035
0
0
0
0
0
2191
0
0
0
0
680
0
0
0
0
1611
0
1573
0
7102
5403
3470
0
0
0
2791
0
0
0
0
0
0
0
0
0
0
0
3045
2060
292
697
0
0
0
0
2140
0
0
0
0
0
0
0
0
0
0
0
0
1569
634
2797
0
0
0
0
0
0
0
0
0
0
0
0
0
0
0
0
3548
6375
0
0
0
0
0
0
0
0
0
0
0
252
0
0
0
0
0
0
0
0
0
0
0
0
0
0
0
0
0
3529
0
2757
3949
0
63
5978
0
0
3192
0
0
0
0
5900
9099
1292
0
0
0
0
0
162
0
0
1457
0
0
0
0
0
1241
0
0
4732
1741
7386
0
0
0
0
0
0
0
0
0
0
0
0
0
0
0
0
0
0
0
2008
2846
999
0
0
0
0
0
0
0
840
0
0
0
0
0
0
0
0
0
3460
0
995
0
0
0
0
0
0
0
0
0
0
0
1735
0
0
0
0
0
2370
0
0
0
0
0
0
0
0
0
0
0
0
0
0
0
0
0
0
0
0
0
0
0
0
0
961
2249
0
0
0
0
0
0
0
0
0
0
0
0
0
0
5197
0
0
0
271
5462
2597
0
225
0
0
0
0
0
4636
5937
0
8646
11712
0
3685
0
0
1226
0
0
0
0
3043
0
0
4044
0
0
8203
4193
0
2194
0
0
8580
0
0
4954
3210
718
0
4443
5567
356
0
0
1580
0
0
2544
0
0
3312
0
0
0
794
8241
7378
825
962
3652
0
0
2545
0
0
5854
0
0
5018
0
3193
0
0
699
2000
0
0
3722
0
3944
1047
0
0
0
0
0
0
0
0
0
0
0
0
6826
0
0
0
5288
0
3745
1000
0
0
0
0
6319
4859
0
0
0
0
0
0
87
0
0
0
0
0
0
208
3114
4319
6967
3895
2742
2297
0
8234
597
0
6660
0
0
3909
0
0
6044
2514
0
306
71
681
4367
837
3219
0
0
0
4047
0
0
4802
0
0
2556
0
0
189
0
0
3950
906
4829
0
0
0
0
0
0
0
0
0
0
0
0
0
0
0
0
0
2275
0
0
0
2920
2403
0
1508
111
5646
1891
0
0
444
0
0
1058
490
0
2232
0
0
5633
10940
11373
0
0
164
0
0
0
874
0
0
0
0
0
892
457
1789
0
0
0
341
0
0
2237
0
0
2252
0
0
6609
4641
0
3673
6418
1553
6673
8082
853
2596
0
0
3643
2684
1180
0
0
0
0
0
0
0
0
0
1824
0
0
0
0
0
76
0
0
1004
0
2390
6028
8180
8969
6912
7021
0
6012
6120
4558
1187
0
0
7399
4346
0
13332
6506
0
5490
5245
10023
0
1432
763
0
0
0
0
0
0
2755
0
0
932
0
0
0
0
0
0
0
0
0
72
0
0
0
0
0
204
0
1256
0
0
0
0
0
0
0
0
0
0
4452
1581
4360
3256
0
0
528
0
5189
9147
0
1580
8242
536
3716
6894
1921
2611
0
0
0
0
2207
0
0
2507
0
0
640
0
0
1946
0
0
0
0
0
3092
0
0
6485
0
0
1881
194
0
0
0
0
0
0
0
632
0
0
0
0
0
0
506
0
0
0
5988
6835
3826
2599
3370
1582
0
0
322
0
0
0
0
0
44
1524
732
1103
0
0
0
0
3438
0
0
2475
0
0
536
0
0
0
0
0
0
0
0
0
0
0
3796
1367
1390
0
0
0
0
0
0
0
0
0
0
0
0
0
0
0
92
17503
25625
0
0
19702
0
0
0
0
0
11254
0
0
710
0
16635
6583
0
11761
6263
9662
5415
0
1559
9633
10884
0
0
0
0
0
0
0
0
0
0
15
558
0
0
0
10657
4234
0
0
0
4073
0
0
0
0
0
0
0
0
0
0
0
0
0
0
0
0
0
985
3524
78
0
0
0
0
0
0
0
0
0
0
0
0
0
0
0
0
0
0
0
0
0
0
1109
11323
15027
3802
12431
3762
4355
7987
0
5805
9564
829
8151
17366
11711
2652
5964
1423
10132
23480
15371
0
0
0
1446
0
97
0
91
0
0
3867
0
0
0
0
5824
0
0
5735
2454
2491
0
0
0
0
0
0
0
0
0
0
0
0
0
0
0
0
0
0
0
0
0
423
475
0
0
0
0
0
0
0
9281
0
4375
5487
1833
5120
0
0
0
3575
5346
8528
1852
5620
4189
0
0
1116
2618
216
0
1107
0
0
0
0
0
0
0
0
269
0
0
4071
4121
10747
864
0
0
0
0
0
0
0
0
0
0
0
0
0
0
1998
0
0
0
0
0
0
6756
0
0
0
0
0
0
0
1553
0
0
0
0
0
0
3331
3104
0
0
0
0
0
0
0
0
0
0
0
0
0
0
3638
0
0
9845
0
0
2262
0
2173
4819
0
0
0
200
3413
3530
1577
1329
0
35
1020
0
0
0
0
1707
0
0
3806
2795
298
0
0
0
0
0
3558
599
0
0
1862
0
0
0
0
0
0
0
0
0
0
0
2153
3060
3441
3602
6658
0
0
0
0
0
0
0
0
0
0
2963
7560
5642
0
3321
651
0
0
0
0
0
0
0
0
0
0
0
0
0
0
0
134
4946
0
0
0
0
0
0
0
0
0
1736
0
0
0
0
0
606
182
8702
3739
0
0
0
6512
4727
4575
6185
4109
0
8353
5479
0
9895
9788
0
14132
9163
293
7858
0
663
6839
10873
3907
0
0
0
0
0
0
0
0
0
0
0
0
0
0
0
0
0
0
0
0
0
738
0
0
0
0
811
0
0
0
0
4560
3081
0
0
865
7089
6876
8433
752
302
12161
1332
0
0
688
0
0
0
0
0
0
0
0
0
0
0
0
0
0
0
0
0
2942
2833
6146
965
5471
8813
1800
12300
8734
0
3666
0
6576
12840
2401
4259
0
0
2944
4630
1115
0
0
0
0
0
0
0
0
0
0
0
1263
0
0
0
0
0
0
0
0
4392
722
1135
1650
2758
4332
5171
5097
8036
0
1193
4973
7462
3504
12171
11005
2060
3683
1493
7944
16761
13311
669
1033
5579
0
2935
4756
0
5832
21700
0
7350
3663
1780
14327
15039
0
0
0
1165
44
0
142
0
0
0
0
842
0
4535
12956
0
8502
15558
28
3288
1317
2860
0
0
4195
4810
433
24
0
0
1936
0
0
5190
0
0
2230
0
0
2328
0
0
0
0
0
2552
121
0
0
0
0
0
0
0
0
0
0
0
0
0
0
0
0
0
0
0
0
2258
3711
2343
0
0
0
0
0
0
0
5021
0
0
0
0
0
0
5552
8004
5210
0
1885
8735
822
0
188
0
0
3886
0
0
0
788
0
3213
0
0
0
0
0
0
0
0
740
0
0
0
0
0
0
0
0
0
0
0
0
0
0
0
0
0
0
0
0
0
1966
1439
287
2245
3362
1482
6331
7830
4772
6409
6989
2529
12090
9016
2549
7717
8784
1430
4725
6646
5983
0
64
3201
0
770
2129
0
2848
1552
0
0
0
0
0
0
0
0
0
0
890
2360
0
3620
7387
0
0
0
0
0
0
0
0
0
0
0
0
0
0
0
0
0
0
4081
2442
4368
2352
0
2280
0
0
0
0
0
0
0
0
0
0
0
0
3341
1178
2573
0
742
0
0
1091
0
2504
0
0
4956
1779
0
1493
0
0
1309
3251
464
1033
0
0
0
0
0
0
0
0
0
0
0
0
0
2822
0
0
0
0
3148
13116
0
0
0
4871
0
1188
844
0
0
4051
0
1105
5279
0
0
1433
0
0
0
0
0
0
0
0
1310
1356
5002
2691
0
0
4131
0
0
4602
0
0
7402
3141
2936
3614
0
0
3135
0
0
790
851
0
0
0
0
0
0
0
1031
0
0
0
0
0
3105
0
0
0
0
0
413
0
0
554
0
0
0
0
0
0
0
0
0
0
0
2759
0
1727
0
0
0
2835
2843
5500
1745
0
11098
790
0
7443
0
0
8323
1551
0
1428
6967
2210
1556
3200
1784
2368
0
0
3719
1472
0
2075
446
0
0
0
0
0
1996
0
0
0
0
0
6307
0
0
3010
2867
0
1870
2984
0
0
0
0
224
0
0
458
0
3078
1590
3435
3728
3493
0
0
108
0
0
2404
0
0
5916
1140
0
2271
0
0
4313
0
234
1337
0
0
1467
2803
0
2110
9765
12093
1846
2556
0
2408
10980
13345
0
0
0
1210
0
0
4145
0
0
0
0
0
1230
143
2778
3035
306
0
2206
1638
6879
926
5246
11805
2202
1364
7837
4491
3435
5792
5026
3547
1253
6146
661
84
5465
0
0
7503
0
0
7081
0
0
4685
0
0
5164
0
0
6031
811
2028
1679
0
0
0
0
0
0
0
0
0
0
0
0
0
0
0
0
0
1221
240
0
5262
6608
7968
1793
2339
3901
651
0
0
2195
0
0
3329
343
0
9918
1180
0
3392
5118
5514
2438
2057
6919
2788
0
0
4568
0
0
2386
0
0
3005
0
0
712
0
0
4377
1191
1693
1381
0
0
5401
3172
5701
2336
10344
10930
1339
10078
6945
4524
7338
7619
14234
8066
3518
2244
6601
15275
855
208
2583
0
0
0
0
0
0
0
0
0
0
0
0
1311
0
0
3313
9303
12254
9172
48
0
4372
0
0
173
0
0
307
0
0
0
0
0
0
0
0
8033
636
6864
0
5652
6031
2644
10117
2532
1650
0
0
1064
0
689
0
0
0
0
0
0
4267
6001
3980
0
1878
1345
5187
2634
4069
5494
321
0
4209
0
0
3860
0
0
3656
3596
584
12447
19492
26675
0
0
0
0
0
0
0
0
7269
0
0
0
812
708
4971
0
6757
3922
4014
1622
1031
385
0
0
2327
0
0
485
0
0
0
0
0
0
0
0
0
0
7230
3643
563
8929
2506
1832
1309
4672
0
966
5227
0
0
5983
0
0
1084
0
0
3914
0
0
2806
2684
1027
2756
0
0
0
0
0
0
0
0
0
0
0
0
0
6576
0
0
0
0
0
0
0
0
0
2003
2068
0
0
0
0
0
0
0
0
0
3926
0
0
4581
116
0
406
1762
0
0
501
0
0
788
0
9972
3115
0
4865
0
0
0
0
0
0
1281
0
2123
8033
8241
16683
4608
1500
6361
9271
5917
3941
6939
2076
0
9715
8529
0
4947
0
0
8003
9418
8832
1568
2671
0
1576
512
0
3053
0
0
2001
0
0
2353
0
0
0
0
85
4912
2446
0
0
0
0
0
0
0
0
0
0
0
0
0
0
0
1597
0
0
5391
0
0
0
2599
0
629
185
7130
10639
0
308
385
0
2357
3693
0
6968
1136
17806
26659
17247
0
175
15625
0
3010
3342
1653
0
0
942
0
0
4021
844
167
6885
271
0
0
0
0
5615
2309
0
9057
9586
6768
11114
11009
0
5407
2957
0
7387
0
0
10855
0
0
8925
8033
6345
8753
0
0
806
3333
3394
0
0
0
2348
0
0
1516
0
0
0
0
0
0
0
0
0
0
0
6621
5438
4099
8081
0
0
5543
0
0
6736
0
0
6090
0
0
5990
801
0
5273
4980
3998
706
0
0
4410
0
0
1896
0
0
326
0
0
226
0
0
0
0
0
0
0
0
0
0
0
0
0
0
0
0
0
0
0
0
0
0
0
0
0
0
0
0
3644
2661
0
0
5693
0
0
6181
0
0
8943
0
0
7526
0
0
11065
6855
0
5241
4295
2139
0
0
0
1410
0
0
0
0
0
1079
0
0
2498
0
22
0
0
0
7316
1039
0
1300
1373
1690
508
165
0
0
0
0
0
0
0
0
0
0
0
0
0
362
0
0
3511
6195
6175
5502
12153
8017
3929
5350
6558
2823
0
0
7672
634
3268
1669
0
613
4782
1122
3211
0
0
0
0
0
0
0
0
0
0
0
0
0
0
0
0
0
0
0
0
0
0
0
0
0
0
0
0
0
0
0
0
0
0
0
0
0
0
0
1907
696
0
0
0
641
0
0
0
0
0
2883
0
0
0
0
0
6498
0
7657
15307
2646
2169
1538
0
0
0
0
0
0
0
1057
1089
0
0
0
0
1263
0
0
345
0
0
0
3935
4594
3790
7597
2785
0
0
3050
0
0
867
0
0
3444
0
0
1525
0
0
1547
0
0
3428
0
0
0
0
2873
0
0
0
0
3646
3329
0
0
0
1583
0
0
2016
4277
6656
6782
1214
3366
4344
0
0
4093
0
0
3714
0
0
9220
0
0
5571
0
5849
5610
1153
0
0
0
0
0
0
0
0
0
1866
0
0
0
0
0
10137
0
3422
2716
2046
1318
891
1100
0
0
3186
0
0
2176
0
0
1289
0
0
625
0
0
3195
0
0
11464
4529
8781
2312
1959
4491
3514
6760
13561
10565
16180
6803
7028
13472
13038
11337
13525
7996
10202
0
0
1330
1343
0
0
0
0
0
0
0
178
0
0
591
0
0
0
0
0
0
0
0
1754
2559
2264
0
1872
8033
0
3702
2176
0
10881
4515
0
9321
0
2458
12864
5282
3516
0
845
2408
9622
11968
3108
313
319
90
0
0
0
0
0
802
0
0
0
0
0
0
0
0
2450
0
0
0
0
0
0
0
0
0
0
0
0
0
0
0
0
5062
0
0
0
0
0
0
5876
1107
4376
1672
0
0
560
0
0
986
0
0
5305
0
0
3108
0
0
5690
3032
8113
2350
0
0
2052
0
0
0
0
0
909
0
0
0
0
0
0
0
0
0
0
0
0
0
0
0
0
0
0
0
0
0
0
0
0
0
0
0
0
0
0
0
0
264
0
0
0
0
0
0
0
0
0
0
4116
0
0
95
0
0
3176
869
0
928
0
0
0
0
0
0
0
0
0
0
0
0
0
0
0
0
0
0
0
0
0
2339
0
1704
171
0
0
1314
0
0
3432
0
0
3164
0
0
1586
0
0
2274
3047
2114
0
0
0
0
0
0
0
0
0
0
0
0
0
0
0
0
0
0
0
3500
7373
0
0
0
0
0
0
0
0
1376
11710
6362
0
0
0
7224
0
10254
329
0
2550
6017
1509
0
0
0
0
2666
0
0
0
0
0
0
0
0
0
0
0
0
0
0
1316
0
0
0
0
0
0
0
0
0
0
0
0
0
0
0
0
0
0
0
0
0
0
0
0
0
0
0
0
410
0
4159
0
8293
1871
1180
1359
0
0
11460
3468
8922
0
0
847
2582
0
0
4877
5356
33
0
0
0
0
654
0
0
0
0
0
0
0
0
0
0
0
0
0
0
0
0
0
0
0
0
0
0
0
0
0
0
0
5111
11297
397
1561
0
1015
3566
1669
0
0
0
3294
5861
4895
4662
0
0
1944
6241
2286
0
0
0
2636
4148
0
0
4419
6
0
0
0
0
0
0
0
1550
0
0
0
0
507
3742
10556
0
0
0
0
0
0
857
0
0
7568
2509
0
0
0
0
384
0
0
5478
4658
4229
737
4503
3490
0
0
0
0
0
0
0
0
0
0
0
0
0
0
0
1922
1345
9772
0
0
0
0
0
0
0
0
0
0
0
0
0
0
0
0
0
0
0
0
0
0
0
0
2450
0
0
0
0
9206
0
0
0
0
8830
4002
0
0
0
0
0
0
0
0
0
3537
0
0
0
0
0
0
0
0
0
1397
14336
0
0
0
7663
0
0
3497
10114
7020
0
0
0
1240
0
0
0
0
406
2823
0
0
2668
0
0
2893
3612
7885
0
0
0
373
3594
5566
7460
7521
1842
7094
3982
0
7220
7507
3996
2696
0
0
5058
2492
735
1927
2504
1270
9936
14367
6230
0
1335
0
2632
0
0
3826
9896
1318
4075
0
0
0
0
0
0
1678
839
0
0
0
0
0
0
0
0
0
0
0
0
0
0
0
0
0
0
0
0
0
0
0
0
377
0
0
0
0
3792
0
0
0
0
1530
5862
0
0
0
4812
2495
0
0
0
0
0
0
0
0
0
0
0
0
0
0
0
0
0
0
0
7760
11510
10618
4667
8898
13812
3771
5080
8611
10954
10971
9098
8283
3153
0
4449
894
0
2419
1991
6288
5002
6697
10480
3014
154
0
0
0
0
0
0
0
0
0
0
0
0
0
0
0
3911
0
0
0
0
0
0
0
0
2547
0
0
0
0
0
0
0
0
0
0
0
0
0
0
1306
11560
0
0
0
0
0
0
0
0
0
0
0
0
0
0
1925
0
0
0
0
0
0
0
0
270
0
0
12215
10607
0
3100
0
0
0
0
0
4797
2388
0
10456
1072
0
0
0
0
0
0
617
0
0
0
0
0
0
0
0
0
886
3569
5414
0
0
0
0
0
3003
0
0
0
3244
0
0
4824
3284
0
1629
0
0
6316
6816
6649
5035
4332
0
57
0
0
0
0
0
3011
0
3681
0
0
2273
0
0
0
9454
5230
4808
0
0
0
3460
6049
0
2975
7313
5610
1943
6752
8467
12160
9531
6359
7276
2482
11548
25
7374
6249
0
0
0
11426
2843
0
0
0
0
0
0
13926
5861
0
998
0
0
9026
3190
6878
367
1233
0
0
0
0
0
0
0
0
0
0
10255
0
0
0
0
0
3598
1811
7580
5239
0
0
0
0
0
1727
0
0
0
0
0
0
0
0
0
0
0
0
0
5004
16176
2189
8030
9412
0
0
0
0
0
0
0
0
0
0
0
0
0
0
0
1849
0
0
5597
0
2309
0
0
0
0
0
0
0
0
0
0
0
0
0
0
0
0
778
7941
0
0
335
0
0
0
0
0
0
0
5603
2011
0
0
0
0
12036
2732
5203
0
0
0
0
0
0
0
0
0
0
0
0
0
0
0
0
0
0
0
0
10505
17649
10793
1642
1555
2515
0
0
0
0
0
0
0
0
0
0
0
0
521
6850
0
20947
6640
0
0
0
0
6920
0
8436
0
643
2285
0
7290
12490
0
0
3172
0
0
17694
1184
4139
5892
4472
3538
9512
2730
0
0
0
0
0
0
3294
1724
6554
1394
4797
3914
0
0
0
0
0
0
0
0
0
0
0
0
2985
6747
0
2292
0
0
0
0
0
5443
0
0
725
11690
0
0
0
1632
0
0
0
2630
793
0
2926
15847
0
1133
2193
0
3757
10274
3557
6574
0
0
0
0
0
0
0
0
0
0
0
0
0
0
0
0
0
0
2483
535
0
0
9737
11082
4454
0
0
0
0
0
0
0
0
0
0
0
0
0
0
0
0
0
0
0
0
0
0
0
0
0
0
0
0
0
0
0
0
0
0
0
0
0
0
8983
0
0
15697
23465
4350
6904
0
0
2542
0
14165
32767
7229
13877
19038
483
0
1677
16085
4042
0
0
0
0
0
0
0
0
1869
0
0
0
0
0
0
0
0
0
0
0
0
0
0
0
0
0
0
0
0
0
0
0
0
0
0
0
0
0
0
0
4310
0
0
2235
0
3203
0
0
0
0
0
0
622
1969
0
0
1207
0
0
0
0
2240
6278
7444
0
0
0
0
0
0
3135
4712
5312
0
0
0
1320
678
0
19091
0
0
4573
14266
16779
4455
3419
5065
11557
11645
3712
2482
1622
1242
5967
5156
0
21548
13981
0
10819
0
0
5440
0
15
0
0
0
0
0
3449
0
0
0
0
0
0
0
0
0
0
0
0
0
0
2399
0
0
131
2199
1919
0
5819
0
0
8165
0
10305
2438
0
0
13505
0
1026
6683
14812
8455
5616
2484
0
2299
6887
4508
7653
5678
3991
12663
1899
13025
7943
6772
3598
11958
5374
6510
6718
17790
16507
0
0
0
4004
5674
0
0
0
0
0
0
0
1022
0
0
0
3272
24111
1757
658
0
0
0
0
0
1394
2571
4173
6894
0
3019
2372
3736
0
0
0
4388
20749
9815
0
5204
12444
0
0
0
0
0
0
0
0
0
0
0
0
0
0
0
0
0
0
0
0
0
6390
4655
8619
0
1046
3450
0
0
2655
1577
0
0
0
3671
2382
5455
866
0
7230
6203
12336
0
0
0
0
0
0
0
0
0
0
0
0
0
0
0
0
0
0
0
0
1023
0
0
0
0
0
0
0
0
2300
0
0
0
0
0
0
0
0
0
0
0
0
0
0
10749
11104
0
7287
9059
10054
3749
2833
0
5126
18167
9188
3230
5034
0
9894
3374
1150
0
0
0
651
0
0
0
2924
3243
812
0
9803
13305
0
0
0
0
0
8347
11693
8434
3343
0
0
0
0
9967
7089
2384
1771
4038
11461
6425
11211
15934
22467
10175
4057
12943
6727
19268
14802
7030
1393
8501
9241
0
0
0
2949
1523
0
6214
7972
0
0
0
35
2467
0
0
461
4392
10849
446
0
0
0
0
0
0
0
0
0
0
0
0
0
0
0
0
0
0
0
0
0
0
0
0
0
88
0
0
0
0
0
3529
0
0
0
0
0
0
0
0
0
0
0
0
0
0
0
0
0
637
0
0
0
0
0
0
9313
10899
0
0
0
0
0
2654
0
0
0
0
0
0
0
71
0
922
0
0
0
0
0
4663
0
1924
8244
0
0
9484
0
0
14410
0
0
5277
0
11683
0
4224
9449
5836
8793
6858
0
0
0
0
2194
3746
1622
0
0
0
0
0
0
0
0
0
0
0
0
0
0
0
8190
8250
9007
0
0
0
0
0
0
0
0
0
0
0
0
0
0
0
0
0
0
664
0
0
0
0
0
1184
5853
5840
0
543
0
10462
6268
378
480
0
0
2142
0
821
731
5434
12217
0
0
1177
0
0
0
0
407
0
0
0
0
4123
0
0
2031
0
840
5734
15256
11251
0
0
0
0
704
0
0
0
0
0
0
0
0
0
0
0
0
0
0
0
632
0
0
0
0
0
0
0
0
0
16492
13131
0
0
0
0
111
0
0
13365
15266
20023
7711
10250
5111
3937
1999
0
4271
4639
0
0
0
0
0
0
0
0
0
0
1756
438
0
0
0
0
0
0
0
0
0
0
0
0
0
0
0
0
0
0
0
0
0
0
1185
595
0
0
0
0
2386
1040
0
0
0
5550
0
0
0
3161
2211
15083
8687
23891
20658
0
0
0
16770
0
0
2989
4081
2195
2908
0
17549
508
571
3189
0
3856
2486
3288
5534
0
0
0
7723
0
0
0
0
2230
8444
4086
11847
0
81
5768
0
13957
12880
0
670
284
14031
0
0
0
4286
998
0
0
0
0
0
0
5398
4567
4707
0
2034
1299
0
2153
0
0
2238
2002
3375
0
0
0
0
0
7279
0
0
1614
0
2131
3989
184
0
0
371
470
0
677
0
1687
0
0
0
0
0
2037
0
0
0
0
0
0
0
0
0
6960
8387
7221
0
0
0
0
0
0
0
0
0
597
5175
4045
6274
6198
0
1017
1524
0
5482
5671
4896
0
0
3986
2817
0
0
0
0
0
0
0
0
0
2926
5374
0
0
0
7552
58
0
2316
8741
7340
0
0
0
7306
6092
3487
0
0
0
1071
0
0
0
0
0
0
0
5660
1470
4616
10806
0
0
4554
0
610
5161
1068
2411
0
1328
13019
8042
1969
3493
0
1873
0
3658
0
0
0
0
0
0
0
0
0
0
0
338
0
0
0
0
0
0
9887
0
0
11353
10703
12380
0
0
0
3766
2382
527
0
0
0
0
0
0
0
0
0
4029
3731
5921
619
0
0
0
0
0
0
0
764
10837
0
0
0
0
0
0
0
0
0
4085
3644
0
0
0
3690
7462
2297
0
0
2792
2888
0
3765
0
0
638
0
0
0
8148
4784
0
4088
5309
9641
0
6550
13898
8854
11683
6894
827
5643
7953
2852
5837
6445
5983
9374
4584
5539
5267
218
0
0
0
0
0
0
0
0
0
0
0
0
0
0
0
0
0
0
0
0
0
1229
0
0
0
0
0
0
0
0
10725
0
6466
0
0
1289
0
5733
0
11554
5362
2539
5925
1966
235
1273
2587
1940
0
0
5476
979
5542
0
0
0
1865
0
0
0
0
0
0
0
0
0
0
598
646
0
2619
17
0
0
0
0
0
675
0
0
4766
0
4663
7205
0
0
0
3776
3299
0
13844
0
0
19
0
16825
13264
995
2905
14489
0
0
26986
16716
0
0
2242
12671
0
0
454
0
0
0
0
0
0
0
0
0
0
0
0
5048
0
0
0
0
0
605
0
0
0
0
0
0
0
0
0
0
0
0
1204
0
2465
0
0
5434
7400
1868
0
76
0
2228
8526
3510
0
0
691
0
6192
0
7756
0
0
0
4232
14362
0
0
0
0
0
0
0
0
0
0
0
0
0
0
0
0
0
0
0
0
0
18923
20412
15749
0
0
0
0
0
0
0
0
0
0
0
0
0
0
0
5018
0
0
0
0
0
0
0
0
0
1354
3910
0
0
0
0
0
0
0
0
0
5787
9217
11547
0
0
328
0
0
0
0
4512
0
0
0
0
0
7968
0
0
0
0
0
0
0
0
1338
0
0
0
0
0
0
0
0
0
0
0
0
0
0
0
0
12611
8989
7312
0
0
0
0
0
6844
4166
0
0
0
0
0
901
0
0
3518
0
0
2599
2600
1231
7899
4737
0
0
0
2579
0
0
0
0
0
0
0
0
0
2565
0
0
0
0
0
0
0
0
0
0
0
0
0
0
0
0
0
0
0
0
0
0
0
0
0
0
0
0
0
11865
25513
15372
2276
450
0
13103
546
14129
4473
0
0
5834
4469
7497
6174
8941
4244
2355
1194
0
0
3712
3695
0
0
0
0
0
0
3702
0
0
0
0
0
0
0
0
2830
0
0
0
1746
0
7058
0
0
3344
2984
0
0
0
0
0
0
0
3676
8523
7500
0
0
0
562
0
3880
0
0
0
0
0
0
0
116
647
0
0
1508
0
0
0
3387
2524
0
0
0
0
0
0
895
0
0
0
0
0
0
0
0
0
0
0
6240
0
0
0
0
0
0
0
0
1088
0
0
2425
0
0
0
0
7893
7850
2277
0
0
3036
4921
6618
0
0
0
0
3278
7253
0
0
0
0
0
0
6889
0
0
0
5268
17408
0
0
0
4527
1491
0
0
0
0
1623
0
4364
3208
0
0
1782
23088
14966
346
5048
0
0
0
0
5557
4414
891
9001
7677
0
0
0
0
2818
0
0
0
0
0
20667
22360
6868
0
0
0
0
10810
4956
0
0
0
3245
2705
4070
876
1501
0
0
0
0
590
0
0
12849
13583
17071
1199
0
0
0
0
0
0
0
0
0
0
0
0
0
0
792
0
0
0
0
0
2070
0
0
0
0
0
6492
1801
13840
0
0
0
0
5719
3568
8649
9100
2602
903
5987
10631
4192
9556
4745
2218
8204
5923
4394
0
0
7811
11025
8596
2904
1576
9429
10271
6204
8995
11496
9784
1098
0
0
0
16961
2238
0
0
0
0
0
0
0
0
0
0
0
0
0
1142
2181
9975
2294
0
1832
5571
3738
4454
2125
0
4563
0
0
2642
0
10421
6691
6054
5544
4828
0
0
0
0
688
2676
0
1811
0
0
4394
0
1083
8972
0
1088
3712
5383
0
5469
10578
0
0
454
0
0
0
0
0
0
0
0
0
1477
3090
0
0
0
0
0
0
0
0
0
0
9425
5561
0
1361
0
2102
13303
3150
0
4310
3678
3432
3843
12196
3493
9720
4230
0
3011
2576
4814
6657
3123
6691
0
5812
11013
1602
7093
11396
4367
4305
2620
3026
0
0
10653
9332
0
198
0
0
0
0
0
0
0
0
0
0
0
0
0
0
0
0
0
0
0
0
0
0
0
0
0
0
3885
4337
904
0
0
1804
0
1385
0
0
121
1161
5418
2264
0
1490
0
2092
0
0
0
0
0
0
0
0
0
0
0
0
0
0
0
5036
0
0
8161
908
0
0
0
0
0
0
0
0
0
0
0
0
0
0
0
0
0
0
3762
5722
0
0
2038
0
0
0
0
0
0
0
0
0
0
0
2716
0
0
1041
466
0
0
0
0
0
1991
1157
0
0
0
0
0
0
0
0
0
0
0
1863
0
0
0
0
0
0
0
0
0
0
0
0
0
0
6082
6759
0
0
15078
5667
3752
0
7607
12760
0
0
0
1096
10113
7615
0
0
0
0
0
0
0
0
0
0
0
0
0
0
0
3596
3998
0
0
0
0
0
0
0
0
0
0
6370
0
0
0
0
0
0
0
0
0
0
0
0
0
1197
0
0
0
0
0
220
0
0
1972
0
0
0
0
0
0
0
0
572
0
0
208
3744
5940
3650
0
6993
0
0
2492
0
2923
5004
0
0
0
0
7672
5191
3653
15375
9236
713
1890
0
1226
1357
0
10021
530
8019
7930
6065
7921
7432
3333
522
373
4262
1486
0
470
1354
0
0
0
0
0
0
0
0
0
0
0
0
0
0
0
0
0
466
0
0
0
6073
0
0
0
0
3228
0
4396
1975
0
0
13627
8266
0
889
4347
0
2424
9426
456
2111
0
0
0
0
0
0
0
0
0
0
0
0
0
0
0
0
16147
7854
0
0
0
0
0
0
0
0
0
0
0
0
0
0
0
0
6733
8180
5731
1890
1643
2825
0
7394
8920
5952
12203
5364
8929
0
0
8697
3279
605
2110
0
0
3287
11554
1607
0
0
0
0
0
0
0
0
0
0
0
0
0
0
0
0
0
0
0
1661
0
0
2640
3194
0
0
0
0
0
0
4057
218
0
0
0
2457
1136
3414
0
5945
3336
7177
5300
5838
9756
0
0
0
0
0
0
0
0
0
5222
7157
0
2155
37
0
2495
0
0
0
0
0
0
0
0
0
0
0
0
0
0
0
0
0
0
0
0
0
0
0
0
42
7081
9981
8170
7528
10394
2910
0
1646
3199
848
3929
2753
1593
6846
8128
0
7898
0
0
3622
8193
5506
0
0
0
0
0
0
0
0
0
0
0
0
0
0
0
5945
1057
3395
0
0
9674
0
0
3671
1339
0
0
0
1415
0
6425
6919
0
666
0
0
10952
12300
9913
3595
1378
0
2358
0
0
0
0
0
2959
0
2406
2471
62
0
0
0
0
4095
1209
0
0
0
4569
0
0
0
0
0
0
0
0
0
0
6176
4707
0
0
0
24108
22457
17094
2174
6197
445
0
11620
7691
17085
5822
0
0
0
0
6973
0
0
0
0
3086
8805
12289
10708
0
0
0
0
0
669
0
5882
5262
1228
1289
3731
0
350
1442
9728
4971
1797
15010
12696
13467
0
0
0
0
0
3652
0
0
2752
0
2263
3508
3547
13121
11027
5334
8571
13886
3076
2698
1932
0
0
0
0
0
0
10655
3977
0
4783
0
0
4982
0
0
0
0
0
1169
8318
6402
0
0
1177
0
0
7664
2523
11019
10637
0
161
0
14245
4929
0
6165
2669
9452
6086
6088
7962
0
0
0
0
0
0
0
0
0
0
0
0
0
0
4191
0
0
0
0
0
0
16787
12442
15337
0
0
0
0
0
0
0
0
0
0
0
0
0
0
0
101
0
0
0
0
0
0
0
573
0
3956
0
1854
3419
3916
0
1682
3424
4229
12518
17860
3969
10514
9120
0
0
0
4627
17178
0
135
0
0
6010
0
4123
14119
5474
0
2290
0
0
807
16279
18178
0
0
0
0
0
0
0
0
0
1975
344
0
0
0
0
0
0
0
14747
1256
0
0
0
0
0
0
0
0
0
0
5168
0
0
0
0
0
0
0
0
514
4475
11738
906
5182
1047
0
1367
0
3680
0
0
15193
4637
0
10138
7886
2681
673
3795
11228
3289
846
6171
6343
5354
0
0
0
0
0
0
0
0
0
0
0
0
0
0
0
0
0
0
0
4442
2305
7029
0
0
0
0
0
417
0
0
7679
0
0
0
0
2609
12892
4518
10289
13366
0
0
0
0
0
0
0
0
0
0
0
0
3503
0
0
0
0
0
0
0
0
0
0
0
908
0
0
0
0
378
0
0
0
0
0
2530
0
0
4264
3868
1697
0
0
0
0
0
0
0
0
0
0
0
0
511
0
0
0
0
0
0
0
0
0
0
3332
0
0
0
0
781
0
0
0
0
0
1876
1284
0
1769
0
0
0
3749
10449
0
0
0
0
0
0
0
0
0
0
0
2289
0
0
0
0
0
1763
0
0
0
2081
1550
5164
1951
434
1327
6338
3069
4044
1229
3301
3472
10375
8617
0
10076
4346
187
6148
3592
6259
0
0
0
0
0
0
0
0
0
0
0
8122
0
0
0
0
180
0
3969
8665
7436
0
3561
0
0
0
0
0
0
0
0
0
0
0
0
0
0
2543
0
1593
6461
8610
1703
2221
0
0
4740
0
5980
5607
7683
13192
0
0
901
0
0
13730
5850
0
1653
15163
26391
0
0
0
0
0
0
0
0
0
0
0
2697
0
0
0
0
2199
0
8324
8661
10818
6959
4671
4003
0
0
2524
0
0
0
0
0
1457
0
0
6262
0
5161
11444
0
0
8028
0
0
0
2392
0
0
0
0
0
0
0
14874
0
832
5957
0
0
7649
7249
10336
401
2437
3158
5690
0
0
0
0
1460
7110
3544
0
0
923
0
0
9976
0
0
0
3851
11866
0
0
0
0
10459
0
9107
0
0
5661
0
0
6619
0
0
0
0
3880
1632
1433
1416
0
0
2102
0
0
0
0
0
1892
0
0
0
0
0
0
0
0
403
307
0
0
6450
5403
10588
9991
4161
2655
0
66
7311
7691
6186
786
4871
7405
19913
5611
2720
5084
0
0
1460
0
0
0
0
0
0
0
0
0
0
0
0
0
0
3432
0
2157
0
0
0
1916
9009
4366
9019
0
0
9383
0
0
677
7684
6145
0
0
5698
2838
6694
0
0
5625
0
859
0
0
0
0
0
0
0
0
0
0
0
0
0
0
0
0
0
0
0
6053
10014
0
1024
0
0
0
0
2935
1806
0
0
0
0
4815
0
0
0
0
0
0
0
0
231
0
2977
0
0
0
0
2997
4780
687
1567
0
0
0
0
3519
7088
4057
11414
10828
13929
0
0
0
0
1261
0
0
0
0
0
0
0
239
0
0
0
0
0
0
343
0
0
0
0
0
0
0
0
0
0
0
0
0
0
0
0
0
0
0
0
0
0
0
0
0
5649
10622
0
1802
2773
4220
16183
5594
9123
2678
0
0
773
2219
5365
6756
11542
4671
0
0
0
0
0
0
0
0
0
0
0
0
0
0
0
0
0
0
0
0
0
2432
4143
4525
68
0
0
0
0
0
0
0
0
0
2176
0
0
0
0
0
0
0
0
0
1651
0
0
0
0
0
0
0
3057
0
0
0
0
920
4390
0
2789
4204
2618
0
0
8388
0
0
0
15371
1621
0
0
8851
9587
3859
0
0
0
0
0
4775
1688
1047
0
5506
10718
0
0
4555
0
0
3155
750
12
0
2207
6849
4242
8182
8355
0
235
0
0
0
0
0
0
0
0
0
0
11901
17985
14629
0
12136
8308
0
7003
10777
0
0
3623
1506
0
0
0
0
0
0
0
3273
0
0
0
3539
0
0
0
5552
0
0
0
0
8688
0
0
0
0
0
0
0
0
0
0
0
281
0
0
0
0
4152
0
0
5107
0
0
2832
0
0
0
0
0
0
0
9144
0
0
0
0
0
0
0
0
0
0
0
1011
3201
1251
9432
5736
0
5308
4777
3183
0
0
0
0
500
4101
247
0
0
0
0
1622
0
8643
4229
0
0
0
0
0
0
3434
0
0
0
0
0
955
11149
0
9252
4171
0
0
2518
0
0
0
0
0
0
0
0
0
0
0
0
0
0
0
1843
2181
1729
3154
1360
5629
5883
0
0
0
0
0
0
0
0
0
0
0
0
553
6330
0
18047
6258
0
0
0
0
0
0
0
0
0
0
0
0
0
0
0
0
0
0
0
0
0
0
0
0
0
5777
0
0
7735
8617
0
0
0
0
0
0
5067
679
0
0
0
0
0
0
0
1876
3300
194
0
3894
0
0
0
0
0
0
0
0
0
2295
0
906
2631
0
3153
2220
817
0
665
318
718
6761
398
0
305
0
0
3467
1853
0
794
6769
5350
3865
5840
0
1645
1595
9229
8622
7986
498
3526
0
1659
0
0
920
6161
0
17000
18038
0
2784
0
0
3273
4571
0
0
0
0
0
0
1587
2598
8197
0
0
0
0
0
4229
0
0
0
0
0
0
0
0
0
0
0
0
13494
5137
9004
3285
0
0
0
0
0
3810
0
2871
1298
0
0
6529
0
0
0
0
0
0
0
0
6102
0
0
0
0
0
0
0
0
0
0
0
0
0
0
0
0
0
0
0
0
0
0
0
0
0
0
0
0
0
0
6940
13066
7032
12615
12801
16640
6821
7463
11260
13833
14159
5934
0
3658
4154
4047
12379
8350
8292
4770
592
13767
12021
9961
0
0
0
0
0
0
8799
0
0
0
0
0
0
0
392
8120
0
0
0
0
0
0
0
1140
4194
3523
0
0
0
0
0
0
0
2350
5941
10859
5078
2978
214
3566
0
0
12123
11255
0
0
0
0
0
0
0
0
0
0
0
10504
1826
0
6121
1450
0
0
0
60
0
3621
0
0
0
0
0
1002
0
3227
2741
0
0
0
0
0
4932
0
0
0
0
0
0
1024
0
0
0
0
0
6150
0
0
0
1552
0
8763
5020
0
0
2619
0
0
0
3978
0
0
9672
6492
14584
16397
0
0
0
8465
19321
10410
15041
17854
10154
0
0
510
3459
8536
0
1665
5154
0
0
0
0
0
0
0
0
7689
0
7144
6660
9768
0
5094
3908
0
1371
0
0
0
2671
0
0
0
3174
2390
200
7074
4003
0
0
0
1588
0
0
0
3515
0
4500
0
0
0
29814
1897
0
0
0
0
9560
0
0
1944
9306
12437
2242
474
0
0
0
0
0
0
0
12679
0
0
0
0
0
3187
0
1231
1939
0
805
0
0
0
0
0
2534
0
0
0
0
10205
13143
0
9399
7857
6576
11104
8492
6294
0
0
6250
5009
5030
0
0
0
3692
3305
0
0
0
0
0
0
0
0
0
0
2203
3600
0
0
0
4214
0
0
0
0
0
0
6155
12450
1994
2469
1391
0
0
781
0
10508
5438
0
0
1067
15603
2397
0
0
0
2930
0
0
0
0
0
0
0
0
0
0
174
0
0
0
0
0
0
0
0
1977
0
0
0
0
0
0
0
0
0
0
0
5210
7907
15709
0
0
0
0
0
0
0
491
953
0
706
0
0
780
0
0
5074
0
1501
15005
12061
0
2059
7684
10598
8596
0
0
7474
4053
0
0
0
0
0
0
20729
2072
0
6370
0
861
7544
5549
6491
3987
0
0
5000
5138
7025
0
0
0
2217
0
0
0
0
0
2320
8190
579
0
0
2520
0
0
0
3369
0
0
0
0
3105
0
4612
9170
0
0
0
16107
1966
0
0
0
0
10947
5615
0
313
10431
0
0
0
0
0
0
4532
0
0
0
0
0
0
0
0
0
0
0
0
0
0
0
0
0
8550
0
0
0
0
0
0
0
0
0
0
0
0
0
0
0
0
0
0
0
0
0
0
0
0
0
0
0
0
0
0
0
0
0
0
0
0
0
0
0
0
0
0
0
0
0
0
4129
1232
10025
4764
0
22156
0
0
17742
10985
5369
0
0
11455
14564
0
6247
880
0
0
0
0
0
0
7241
4877
0
0
1061
0
0
0
0
0
0
0
0
2123
0
0
2426
0
0
0
0
0
0
0
0
0
0
0
0
0
0
0
0
0
0
0
0
0
0
4809
2528
0
0
0
4986
4466
7097
823
5126
0
0
0
0
0
0
0
0
632
4246
0
0
0
5665
2892
2191
0
0
0
0
0
0
367
0
15027
0
0
0
6185
963
0
6468
786
0
9891
4065
0
8205
6334
0
0
0
0
0
0
9901
8372
7680
3716
0
0
0
0
0
0
1791
738
2243
0
0
0
0
0
0
0
0
0
0
0
124
0
0
0
0
1671
0
10279
5308
0
2832
4825
2661
0
0
0
1921
0
5725
18862
2744
0
0
0
0
1514
0
2520
6576
0
3903
5005
13805
12651
1644
15523
12597
0
4959
14052
27840
20312
5035
16090
8354
4776
18239
6794
7114
5251
0
3749
0
0
0
0
0
0
0
0
0
0
7201
13314
0
8107
0
9820
0
2274
0
4049
9152
2585
0
423
3644
2553
1733
0
1897
0
0
0
2653
5508
10551
4709
0
2173
1895
11900
9415
0
0
0
0
0
0
0
0
0
0
0
0
0
0
0
0
0
0
0
0
0
0
10821
6811
2904
0
0
0
7097
0
0
0
0
0
0
0
2719
0
0
4974
5913
4813
6195
0
0
0
0
0
0
0
0
0
0
0
2991
0
0
0
0
4809
631
6653
7464
23
0
0
483
0
0
0
0
0
0
0
0
2833
0
0
1374
8698
0
0
7107
3911
0
5196
0
6203
15886
0
0
1092
6616
14367
0
0
6542
0
0
8055
6764
0
570
2232
2972
5366
184
0
741
2987
3325
0
3083
5803
1599
3606
0
0
0
3020
3677
3675
0
0
0
0
10223
1383
8772
1486
6778
15227
18334
3079
2359
7927
8736
1954
8309
5173
6229
4868
709
2015
816
5367
8193
16174
0
0
3261
0
0
0
0
3236
0
0
0
0
0
0
0
0
0
0
12193
6057
871
0
0
0
0
0
0
0
0
0
798
0
0
0
0
0
1446
0
0
0
0
0
0
366
2045
0
0
0
0
0
0
0
0
9279
0
0
0
0
1127
5096
0
0
0
0
0
3043
0
0
0
0
197
0
0
4258
12380
0
8775
16749
0
0
0
0
0
0
0
7159
18102
0
0
0
0
0
0
0
0
0
0
0
0
3537
0
0
4020
0
2735
9476
0
5843
20092
0
1263
5976
3748
4798
0
0
5422
0
0
0
0
0
3874
0
0
0
0
0
0
0
0
0
0
0
0
0
1046
0
0
1990
0
0
0
0
4733
3775
0
0
0
0
0
0
0
0
0
0
0
0
0
0
0
0
0
0
0
0
0
0
418
12155
7486
2211
0
0
0
0
0
6971
0
0
0
0
0
4202
0
0
4166
0
506
0
0
0
0
0
0
0
3921
7815
0
0
8225
0
0
4145
0
0
0
0
557
8122
0
5039
0
0
0
1924
0
0
0
0
7861
5780
0
5450
7252
0
0
0
0
189
0
0
1062
0
0
0
0
0
0
0
0
0
0
0
0
0
0
0
0
6324
0
5686
579
0
0
0
0
0
0
0
0
0
0
0
0
0
0
0
0
0
0
0
1667
0
0
0
0
0
0
0
0
0
0
0
2010
0
0
0
0
0
0
0
0
571
0
1237
0
0
535
0
0
6233
8133
1087
0
0
0
0
0
7634
0
3736
7809
0
10564
16371
14079
3239
17383
16999
0
7061
5276
7498
21663
0
0
10393
0
173
12802
5480
0
1419
1128
182
1872
0
5513
0
0
0
0
0
0
0
0
6734
0
520
0
0
0
288
17302
17428
0
0
0
0
0
0
0
0
0
0
0
0
0
0
0
5415
0
0
0
0
0
0
5506
5373
3972
4918
4375
0
3953
0
842
0
0
6546
0
0
4860
0
0
0
0
0
0
3673
127
0
0
686
3672
603
0
5965
0
0
3375
0
0
0
9307
5109
6715
9563
10776
11376
2167
14554
8876
0
0
1100
0
0
3701
7673
13578
11993
0
0
6965
0
0
0
0
0
884
1628
0
0
1239
2160
0
0
0
0
0
0
0
0
0
0
0
0
0
0
201
219
0
6245
12825
0
0
0
3845
7045
10384
0
0
0
0
0
4212
0
0
0
3995
310
0
2406
1009
3834
0
0
0
3212
0
0
1227
9094
3095
0
0
0
0
7390
6797
9885
11112
396
0
0
0
0
0
0
0
0
0
0
0
0
0
0
0
0
0
0
0
0
3808
12826
12299
10873
2073
0
0
0
0
0
7600
0
0
0
0
0
0
3145
0
0
0
0
0
151
0
0
0
0
2760
830
1908
0
0
0
0
0
0
2619
0
0
3449
0
0
0
0
0
2929
18970
16054
0
2181
7958
10194
6502
8448
0
0
0
0
0
3204
0
0
6464
13706
17888
19828
12660
5469
8588
11035
19685
8535
0
0
3840
7522
15358
18885
0
0
1532
0
0
0
0
0
0
0
0
0
0
0
0
2647
0
0
0
0
0
0
0
0
0
775
2932
2883
3284
4803
12864
11943
0
0
0
1633
0
0
0
0
4056
11679
0
0
0
1345
0
0
1718
2274
2518
2493
4778
11223
6853
0
0
0
11683
221
411
293
0
0
3256
8085
0
0
0
0
0
1245
3416
17605
16830
0
0
4718
8544
1191
0
9029
4712
0
9830
8467
1954
444
0
0
0
2453
2348
1603
0
0
0
0
343
25805
0
0
0
0
0
0
0
0
0
0
0
2430
0
0
4870
0
0
0
1228
2709
0
0
0
0
0
0
0
0
0
0
7521
4129
0
0
0
0
0
0
0
0
0
0
1798
0
0
1475
0
0
0
0
0
10277
1349
3573
6851
6305
0
3597
0
1360
0
7516
9482
302
0
0
0
0
10661
9294
4988
17914
855
335
0
0
0
0
0
0
0
0
0
0
0
0
0
0
0
0
0
0
0
0
0
6940
0
0
0
0
0
0
0
0
0
0
0
0
0
0
0
8698
6664
2650
6895
2917
0
0
1756
0
4569
0
2229
1520
3103
0
0
5605
0
0
0
1623
2206
0
5313
3015
8481
0
0
0
0
0
0
0
0
0
0
0
0
0
0
0
12255
0
0
0
0
0
0
0
0
0
0
0
3491
9635
0
0
0
0
0
0
0
0
0
0
12593
12795
7813
0
8209
9081
8665
0
3775
0
0
0
3538
1867
0
1885
0
0
12077
10618
0
0
0
0
0
0
0
0
0
0
0
0
0
0
0
0
0
1298
0
0
0
0
0
0
0
0
0
0
0
0
0
0
0
0
0
0
0
0
0
0
0
0
0
0
0
0
0
5525
0
0
2933
3986
0
0
0
21572
9864
7477
0
0
0
12162
11966
10923
1239
3109
10590
0
375
0
0
0
1971
3523
3627
0
921
0
3957
0
0
0
0
0
1584
0
0
0
9011
6378
2692
0
0
0
3032
0
0
0
0
0
6594
3583
0
0
1664
0
0
0
3290
0
0
0
10856
6993
5922
0
0
0
0
0
0
0
0
0
6066
3223
0
0
0
3002
0
0
0
0
0
0
550
4180
8072
0
0
0
0
3506
5636
0
0
0
5671
0
0
0
2914
7392
0
0
0
0
1206
6281
0
0
0
0
0
0
0
0
0
0
0
9486
5015
3971
0
0
0
0
1682
0
281
0
5868
3696
0
0
0
0
10071
6572
15624
6967
0
16538
32126
31851
0
0
0
5162
9636
1784
11972
20175
9538
0
0
177
0
0
0
0
0
0
0
0
0
10656
7006
0
0
0
6176
8513
0
0
0
0
0
0
0
0
0
8490
6870
0
10453
8968
0
10513
7330
2136
4996
0
26278
12461
0
3876
2883
0
7611
9117
0
0
0
0
17346
7761
6162
0
0
0
0
0
0
0
0
0
4375
0
0
0
0
209
72
3033
0
0
0
0
5147
12163
0
1043
5853
1114
0
1863
10773
928
1717
7784
1324
4430
2449
2628
804
11074
6589
3086
5305
3224
5585
11955
6547
5101
13856
9264
7747
0
5679
7911
3103
9218
12928
4234
16079
16460
12702
0
0
0
0
0
13049
1103
4588
3362
0
0
0
3548
1157
0
0
3506
634
0
2893
0
16704
10268
3373
9835
10151
7277
8618
8975
9230
0
0
0
0
0
0
0
0
7867
9047
8454
4291
0
1632
1615
0
1064
7730
0
0
0
3766
6903
7587
0
0
3763
2962
0
0
5990
164
696
0
0
0
0
0
0
0
0
0
0
0
0
0
0
0
0
0
0
0
0
0
7109
10422
6272
0
99
3392
0
0
0
0
0
0
6385
7977
7023
0
0
0
5403
15370
14367
8182
5585
8314
17099
10539
6343
10751
12348
14435
5652
11590
6715
0
0
0
0
4058
3589
0
0
9650
387
807
9230
0
0
0
0
0
0
0
0
0
140
0
0
0
0
0
0
1360
4340
3018
0
0
9209
8222
10079
640
5938
7096
1169
1178
2215
0
5209
2858
1483
648
422
2687
5831
5217
4883
146
6300
3170
0
0
0
0
0
0
0
0
0
0
0
0
0
0
0
0
0
0
5197
2815
0
0
0
8328
0
0
0
0
0
3814
0
0
0
0
0
2134
0
0
0
0
0
0
0
0
425
0
0
0
0
0
0
0
0
0
0
0
0
0
3334
0
0
0
0
0
0
0
952
0
0
0
569
0
0
51
4262
844
2692
79
0
0
0
426
0
0
182
0
0
0
0
0
2675
19002
0
0
2171
0
0
9184
0
0
435
0
3859
6739
0
0
0
0
0
0
1414
0
0
0
0
0
61
0
0
0
0
0
0
5561
4824
0
0
0
339
0
0
0
0
0
0
0
0
0
0
0
0
0
0
0
0
0
4652
4771
0
1242
0
0
0
0
0
6159
2984
0
0
6397
0
3187
2254
0
980
2628
1608
0
0
0
1015
0
0
0
0
0
0
0
0
0
0
0
0
0
0
5535
10786
13379
0
6891
9677
4511
8509
5489
13281
1552
0
1645
0
0
243
0
4966
0
3281
12784
0
0
0
0
0
0
0
0
0
0
0
0
0
0
0
0
0
0
0
0
0
0
1491
8092
6520
0
0
9676
13977
6876
0
0
7275
0
1213
8178
0
0
0
3007
3741
3870
4228
3044
6658
0
0
0
0
0
0
0
0
0
0
0
0
0
0
0
0
0
0
13845
10877
2227
0
0
11711
445
0
0
0
3021
0
16145
59
0
0
9380
18314
2288
5234
0
0
0
0
3652
11120
16459
0
0
15178
10726
14699
4056
13284
5050
0
9189
9886
13740
0
0
8255
0
0
0
0
0
0
0
0
0
0
0
0
0
0
0
5105
616
0
0
0
1230
0
5155
11474
0
0
0
0
0
0
12951
18866
0
6261
0
0
0
0
0
10517
7787
0
505
0
7752
0
0
0
4299
4419
0
0
0
5051
0
0
5604
0
0
2440
1086
11629
2953
0
0
0
0
0
0
0
0
0
0
0
0
0
0
0
0
5620
0
0
0
0
9963
8066
6740
5507
0
9801
0
0
1268
0
5446
186
4315
8841
0
0
0
934
0
12165
7094
0
0
1315
0
0
0
0
0
0
0
20682
0
0
1815
0
0
2873
0
9449
13991
1983
2733
11682
23356
1267
0
716
0
0
0
15645
3971
0
0
0
0
0
0
0
2092
7128
5913
2531
8727
27
0
4392
1372
751
0
0
9921
1479
0
0
0
0
0
0
0
0
0
2724
2973
0
0
0
0
0
0
0
0
0
0
0
0
0
0
7154
2417
0
9769
17745
16153
9013
19302
13221
0
2606
6729
3353
2329
0
5167
9908
0
5138
3354
983
0
0
1918
1114
0
7034
0
0
0
1993
3484
2883
0
0
6913
0
0
0
0
0
3278
4627
4245
2948
5990
0
5986
3734
0
3394
6203
0
0
6841
5077
0
1205
0
759
8815
0
0
15583
0
0
5667
0
0
0
7340
2754
0
336
0
0
0
0
9565
0
0
0
0
0
0
0
0
0
0
0
3166
9760
10698
6910
3069
2460
4644
4237
2621
0
0
5885
0
1254
13402
2165
0
0
1257
0
2643
144
0
0
0
0
0
0
4945
3561
0
0
0
0
0
0
6827
0
0
5481
5888
8326
8363
316
0
0
0
0
0
0
0
0
0
0
0
0
0
0
0
0
1036
0
0
0
0
0
2205
4658
0
0
2342
0
0
0
3474
6145
4271
0
5330
0
4609
2925
0
6257
0
7874
3463
0
0
3821
0
0
0
31079
30461
14589
0
0
0
0
0
0
3947
1182
3593
0
0
0
0
0
0
0
0
0
0
0
0
484
0
21
0
0
0
0
18028
21253
0
0
0
0
0
0
0
0
0
0
0
0
3146
1294
0
0
84
0
8236
0
0
0
4757
8348
0
0
3103
0
0
0
2011
0
0
129
6813
2597
9251
4469
0
5567
4214
3599
0
0
0
0
0
0
0
0
0
0
0
0
0
0
0
0
4910
3104
774
0
0
5910
1074
5256
0
1481
0
0
1229
0
0
0
0
0
0
0
6412
0
0
13131
5311
6839
0
0
0
0
0
0
0
0
0
0
0
7446
0
0
0
0
0
0
0
0
0
0
0
0
2245
8396
3129
338
0
2762
5531
0
0
2548
0
0
17338
4997
0
0
1830
4615
0
0
0
0
0
0
0
0
0
20
5814
0
0
0
0
0
0
0
0
0
6
0
1222
0
0
0
0
9318
7979
3717
0
0
0
0
0
528
0
0
0
11170
5127
618
0
0
0
0
0
0
0
0
0
790
0
0
1571
0
0
0
0
0
0
0
0
8122
5792
3238
0
0
3399
0
0
0
3873
0
0
0
0
248
0
1548
1682
1725
0
0
0
0
1734
0
3469
5175
0
560
909
15362
25009
11278
2610
6351
3320
0
0
16
2162
0
1128
0
0
1261
0
0
10045
5987
6459
14357
0
0
0
0
0
4788
0
842
522
9883
4271
2162
7466
14004
2458
0
5939
9728
0
0
0
6687
20581
5476
10366
12406
5047
11711
11992
11793
18518
2099
1128
0
626
354
0
0
4389
0
0
0
17288
14364
0
0
0
0
0
0
0
6110
5336
4902
8091
18742
18636
0
0
131
8898
7840
0
3831
0
0
6530
0
2317
13972
13641
3903
5717
0
0
1340
0
0
2980
2518
0
0
0
3712
698
0
0
0
0
0
8262
4796
0
0
6404
8771
0
0
0
0
0
0
2528
0
0
0
0
0
0
185
0
0
3074
0
11485
6197
5558
0
11471
0
0
6234
24196
0
8617
5712
13218
3397
0
16935
10336
0
11519
1726
241
1483
3833
5440
1567
0
0
0
0
0
133
0
0
0
0
0
0
0
0
0
0
0
5501
10166
717
3764
213
3208
2942
2177
3894
9410
0
0
0
0
0
4392
0
0
5433
4229
7098
2387
0
0
0
0
0
0
0
0
0
0
0
0
0
295
0
0
0
0
0
0
4242
4179
0
0
0
2248
2625
0
0
10918
0
0
0
6198
2943
0
5181
3002
0
13682
6712
5066
8442
0
0
0
0
0
0
0
0
0
0
11346
13103
3697
0
0
0
293
0
0
3648
0
0
0
0
0
0
0
0
0
0
0
0
0
0
0
0
0
0
0
0
0
0
0
3928
1683
5130
0
0
0
4501
0
0
0
0
0
0
0
0
710
2030
0
16194
11728
4074
0
0
0
0
0
0
0
0
0
0
16243
8740
0
2467
3614
0
0
0
0
0
0
0
0
0
0
0
0
0
0
0
0
0
0
0
0
0
0
0
0
0
0
0
8991
8877
5271
0
4375
1392
0
8478
5119
4577
9854
0
0
0
0
5429
353
0
0
0
1569
0
0
0
0
0
0
0
0
0
0
0
0
0
0
0
0
0
0
0
259
0
0
0
0
0
0
0
0
0
0
0
0
0
0
0
0
0
0
0
0
0
0
4980
10817
6778
0
0
0
0
4865
7096
0
0
5880
0
0
1336
0
0
0
10896
27337
14485
0
0
10016
8775
4547
1912
0
8661
0
9054
0
0
0
0
0
1285
0
0
0
10528
8082
8083
9649
5158
881
0
0
0
0
0
0
0
0
0
0
0
0
0
0
0
0
0
0
0
0
0
0
0
10227
0
0
0
0
8006
0
0
7240
0
0
0
2716
0
0
0
0
0
0
0
1748
0
0
2591
5248
0
0
0
1558
1074
0
0
0
0
0
8783
0
3874
8315
1159
0
0
0
0
0
0
0
0
0
0
0
0
0
0
0
0
0
0
7678
0
0
0
0
0
0
0
0
0
0
0
0
0
0
0
0
5583
11876
3341
0
0
0
0
0
0
0
0
0
0
0
0
0
0
0
0
0
0
1454
0
0
2732
24398
20614
0
0
0
0
0
0
0
0
867
0
0
0
0
0
0
6850
8957
0
0
0
0
0
0
4220
0
0
0
0
0
0
0
0
0
2780
0
0
2216
665
0
0
0
0
0
0
0
0
0
0
0
0
0
0
0
0
0
0
0
7655
10401
7043
0
0
0
0
0
0
0
0
0
0
2370
0
0
0
0
0
0
0
0
0
0
0
0
0
0
0
0
0
0
0
9686
5998
4337
4703
6691
6347
0
0
402
0
0
0
143
0
0
0
5935
6348
0
0
0
0
8417
0
0
0
0
0
0
0
0
0
0
4431
7323
6819
0
0
804
0
0
0
0
0
0
0
0
0
5747
1541
0
11829
2562
0
3103
5981
0
0
0
0
0
0
1849
0
0
1633
0
0
0
0
0
0
0
0
0
0
4809
0
0
0
0
1934
0
0
0
0
0
0
0
0
0
0
0
1100
0
0
0
0
0
0
0
0
12266
0
0
0
0
0
0
0
0
0
0
0
3059
0
0
0
0
514
0
25268
10322
0
714
0
0
0
0
0
0
0
0
0
0
0
0
0
0
0
0
0
0
0
0
0
0
0
0
0
0
0
0
0
0
0
0
0
0
3317
14156
19051
9105
992
0
5179
0
0
3087
6364
9785
0
0
0
7720
0
0
7793
7361
0
6624
5739
572
0
0
0
0
0
0
0
0
0
0
0
0
0
0
7774
0
880
2930
0
0
0
0
0
0
0
0
0
0
0
0
0
0
0
8928
0
0
0
0
0
5918
0
6098
0
0
12106
0
0
1722
0
607
0
735
3705
0
0
0
0
0
0
0
0
0
0
6109
0
4216
5599
0
0
0
0
0
0
0
0
0
0
0
8886
1096
0
0
0
0
0
0
0
0
0
0
0
0
0
0
0
0
0
0
0
0
0
2263
0
10156
18458
1654
0
0
3256
0
2485
12231
211
7831
0
0
3925
1286
0
0
17893
20886
9833
3499
1375
0
0
8481
4278
0
0
0
0
0
0
0
0
0
0
0
0
789
0
0
6436
5834
3267
0
0
430
2372
850
840
0
0
0
0
0
0
0
0
0
5789
0
0
8700
21124
13377
0
0
0
0
0
0
1187
0
0
0
0
0
0
0
0
20322
10936
0
5640
5953
0
0
0
5746
0
0
0
0
0
0
0
0
0
0
0
0
5567
0
0
0
14126
13267
3840
0
0
3789
7040
0
10945
0
0
4752
0
0
4104
0
0
5258
18690
5377
0
0
0
0
0
0
0
0
0
0
0
0
0
0
0
528
2258
0
0
0
0
4312
669
151
0
0
0
0
0
6386
0
8172
12018
0
5376
10086
0
0
0
0
0
9247
8356
0
2478
0
0
0
0
0
0
0
0
0
0
0
0
0
0
0
0
0
0
2028
2572
0
0
0
3134
0
0
0
0
0
0
0
0
0
0
0
3906
16992
0
0
0
0
0
0
0
990
0
0
0
0
0
0
0
0
0
5766
2931
0
2088
0
0
4547
2791
1148
0
0
0
0
0
0
0
12523
2976
0
7018
10636
0
0
1867
0
0
0
0
0
280
0
7279
5821
8898
4833
1469
0
0
0
6067
4149
0
6189
8027
4509
0
0
0
0
729
8127
7150
6726
946
0
12683
0
0
0
0
8240
0
0
926
0
0
0
23066
16250
4280
0
0
0
0
0
0
0
0
3136
6013
0
0
0
0
0
0
0
0
0
0
0
0
0
0
0
0
0
0
0
0
0
0
0
0
0
0
0
0
0
0
0
0
0
0
0
0
0
0
0
0
0
0
0
0
0
7231
0
0
0
0
0
0
0
0
0
0
0
0
0
10712
14618
2389
1583
14492
0
0
14707
0
0
5908
0
0
8323
10712
1972
0
0
3171
2810
0
4313
8119
613
0
2418
504
10425
8736
0
0
8769
0
0
2824
2308
80
3280
0
5724
8710
0
0
0
0
0
0
2849
0
0
0
0
1473
0
0
0
0
0
0
0
0
0
0
0
0
0
0
0
0
0
0
0
0
0
0
0
0
11726
8296
20931
1754
9773
22182
0
1723
11661
0
0
0
0
0
0
0
0
2672
7224
7165
6107
0
5585
0
0
0
0
26734
0
0
0
0
0
0
0
0
0
0
0
15162
10400
0
0
1273
0
0
0
0
10610
0
0
0
0
0
0
0
0
0
0
0
5376
8710
387
0
0
6309
0
0
0
0
1341
4339
6901
5698
0
0
0
0
0
0
0
0
7521
14036
4724
8187
2245
0
0
0
6780
0
0
0
0
0
0
0
0
0
0
0
21909
14487
7461
15525
18431
8244
1928
2098
12878
14626
9461
7891
0
0
4675
0
0
2829
2001
0
4820
16162
8138
0
0
0
0
0
0
0
0
0
0
1679
0
2280
0
0
0
0
0
0
0
0
0
2166
133
5262
3792
6422
7336
0
3037
0
4987
0
0
2937
1661
0
11328
16489
8728
542
9276
3254
0
0
0
0
0
4924
0
0
0
0
0
0
0
0
0
0
0
3637
0
0
328
0
0
0
0
3469
5254
5752
9919
0
3548
0
0
5280
0
0
13194
0
0
10898
19138
3880
0
0
5528
0
0
0
0
0
0
3538
0
0
0
0
0
930
0
0
0
4755
0
0
0
0
1782
0
0
0
0
1423
5215
0
0
0
0
0
0
0
0
0
0
10583
10113
5289
11398
545
0
0
0
7269
16141
8126
7796
0
13916
21396
1274
333
15381
18220
6934
9580
15999
902
0
0
0
8046
10392
0
0
1967
0
0
0
0
0
0
0
0
0
9795
0
0
7791
5751
299
13807
4443
7648
11015
1739
12717
19720
6413
15175
0
0
8248
4109
0
0
21956
14621
13998
3774
0
0
0
0
0
0
0
1639
0
0
0
0
0
0
1799
19687
10311
2815
5545
6150
0
8216
2185
0
0
0
0
0
0
0
606
15906
0
0
6384
0
0
0
0
0
0
0
0
5518
0
5451
0
0
0
0
6229
0
0
0
0
0
0
0
0
0
0
0
2086
0
0
2368
3085
0
0
0
0
0
0
0
2589
0
0
0
0
0
1177
0
0
9865
8341
9574
0
962
13141
0
181
13635
0
0
1887
0
0
4231
6746
7935
6730
5009
7585
6624
0
0
0
15181
6780
0
0
5927
5681
0
0
0
0
0
0
2833
0
0
0
0
0
0
7519
17667
0
0
0
0
0
1004
0
0
0
0
0
0
0
0
0
2734
14760
11139
0
0
0
0
0
0
0
0
0
0
0
0
0
0
0
0
0
0
0
0
0
389
3098
10042
0
0
230
0
0
0
0
0
0
0
0
0
0
0
0
3224
5756
440
0
0
0
3688
5274
0
9265
0
0
2160
2666
0
0
0
0
0
8904
5132
13603
5855
4489
0
9283
3842
11005
0
315
333
0
0
0
0
0
6427
0
0
8019
426
0
8037
15050
0
0
0
5397
0
59
17026
1683
6621
0
2617
0
0
0
0
0
0
0
0
6739
7847
0
2702
287
0
0
0
0
0
0
0
0
0
0
0
0
0
0
0
0
0
0
1221
0
0
0
0
0
0
0
0
0
0
0
0
0
0
0
0
0
0
0
0
0
10348
12835
0
0
0
9711
2469
0
0
0
0
0
0
0
0
234
6965
9378
26830
9297
1402
13714
8153
0
3886
6800
0
7553
11073
13388
2729
8468
2579
0
7440
7810
0
0
7492
2947
0
1371
0
0
6942
0
0
6147
4731
32767
5730
9329
0
0
10040
2970
0
12072
0
0
5644
32767
16286
0
0
0
0
0
0
0
0
0
0
0
0
4957
411
0
0
0
0
0
0
0
563
0
0
0
0
0
8442
15234
2041
13044
12949
7044
8246
9243
4152
0
0
0
0
1431
8001
1604
5915
0
0
0
0
0
0
0
0
256
4729
0
3437
11757
82
0
0
12043
8629
9765
4743
10788
7363
13083
248
0
17580
113
0
9975
0
0
5971
0
0
9670
374
0
13351
15406
0
0
0
0
0
0
6189
0
0
10169
0
0
0
5124
15365
13103
0
0
10714
0
0
7933
2671
1784
2893
201
9437
9316
14400
13542
0
592
0
0
11293
414
0
10495
5049
0
3097
9626
2547
0
7385
15076
0
0
0
6349
20217
6188
10288
7277
552
1545
0
0
4463
0
0
1159
12557
5381
1520
0
0
0
0
0
0
0
0
0
0
0
0
0
0
0
0
0
2059
0
0
7028
10987
1297
0
0
0
0
0
2997
0
0
0
0
0
0
0
0
0
0
0
0
0
0
0
0
0
0
0
0
0
0
0
0
0
0
0
0
0
0
2870
0
0
500
1351
0
3425
0
0
0
0
2047
7906
112
0
0
0
0
112
0
0
12089
1136
0
14083
13885
15907
23538
23370
12763
0
0
0
2294
0
0
12571
6039
0
13464
16079
4830
0
0
3741
0
0
0
0
0
0
0
0
0
0
0
0
0
0
0
0
0
0
2107
0
0
16483
8620
3971
0
9807
10750
13485
7527
288
2422
0
0
7228
3259
1030
290
0
0
7597
16257
7741
3421
1002
0
4555
5927
7144
0
15183
17436
0
2924
4328
0
0
0
0
0
0
0
0
0
0
0
0
5294
0
0
14096
6628
2955
0
0
11292
0
0
4727
0
0
0
0
0
0
0
0
0
0
0
0
32767
4914
0
0
0
0
0
0
0
0
0
0
12665
7664
0
0
0
0
0
0
0
0
0
0
0
0
0
0
0
0
0
0
0
0
0
0
0
0
0
0
0
0
0
0
0
0
0
0
0
0
0
0
0
0
0
0
0
12031
15953
4333
0
0
0
11925
0
0
0
0
3056
0
0
5036
0
0
1690
12687
0
1935
0
4300
0
0
0
0
0
0
0
0
0
0
0
0
0
0
0
0
0
0
0
0
1405
0
0
0
0
0
0
0
0
0
0
0
0
0
0
0
0
0
0
0
4619
0
2599
0
2468
2968
0
0
4236
0
0
2874
0
387
1911
0
0
0
11799
7002
9207
0
0
4851
0
0
0
0
16604
6820
0
1265
0
0
11704
1008
0
0
10946
0
4586
21225
0
0
0
0
0
0
0
0
0
0
0
0
0
0
0
0
0
0
0
1175
6723
3109
13345
19111
990
0
3584
0
1657
10755
0
0
2098
94
0
2251
4988
748
0
916
5918
3503
0
0
0
0
0
1999
0
0
0
0
0
0
0
0
0
0
0
0
0
0
0
0
0
0
7226
0
0
0
0
0
0
0
0
0
0
0
0
0
0
0
0
0
6303
22726
10273
2708
0
0
3807
0
0
0
0
0
0
0
0
1488
0
0
14653
0
0
0
0
0
6532
5654
457
0
0
0
8295
0
0
0
0
0
4481
4235
0
0
0
0
7235
1265
0
0
10448
32767
0
0
8432
0
0
6433
0
0
0
0
2156
1000
2933
2098
0
0
0
1277
0
0
0
0
3763
5191
0
6101
0
0
2295
2706
0
0
0
4122
0
0
0
724
0
0
0
0
0
0
0
0
0
0
0
0
0
0
0
0
0
0
0
7620
0
0
0
1093
755
0
0
0
0
0
0
0
0
0
1144
0
1850
2625
0
0
0
4026
4162
0
0
0
7712
0
0
0
0
0
0
0
0
0
0
0
6756
17661
3728
16341
6166
11335
13568
22504
0
10780
9955
0
0
0
0
9417
0
0
0
0
0
0
0
0
0
4525
0
0
0
0
0
0
0
0
0
0
0
0
0
0
0
0
13087
0
0
8938
16874
9011
0
0
0
0
0
0
0
0
0
0
0
0
0
0
0
0
0
0
1962
0
6714
0
1171
9384
0
0
0
0
0
0
0
0
0
10236
2934
0
0
0
0
4522
0
0
15323
22982
8206
13003
6448
0
0
0
2492
844
0
0
1
0
0
10812
5686
698
6315
8620
9635
4727
1015
0
11674
4114
5761
0
0
0
2893
0
0
0
0
0
17352
11557
4886
561
5775
7959
12156
4444
8992
0
0
1837
0
0
0
0
0
0
8229
1603
0
0
0
0
2979
3158
0
4106
0
0
0
0
0
0
7194
3661
0
4643
0
7201
5075
0
0
4115
12355
1587
14004
16739
10983
3657
0
7435
9168
0
11110
9983
0
8364
3141
0
0
7316
0
7333
20667
12922
0
0
4095
0
0
0
189
1347
0
199
0
0
0
0
0
0
0
0
0
8211
9903
0
0
7090
8611
22026
16692
14636
22519
10129
3457
0
0
3551
0
0
5795
0
0
3926
7288
813
9611
4331
1458
11914
4891
0
3526
0
0
11791
6342
0
0
0
0
0
0
0
13388
7704
0
5359
0
0
0
0
11242
0
3497
18186
0
9666
8048
0
6852
13604
0
0
7832
0
0
0
0
285
0
7928
0
0
3578
2422
3218
0
0
9736
0
0
525
0
0
0
1096
0
877
9762
918
6894
0
0
0
0
0
9464
0
0
0
0
0
0
0
1732
0
0
0
0
0
0
0
0
0
311
0
0
0
0
0
0
0
0
0
0
0
0
0
0
0
0
0
5600
0
11296
9691
0
0
0
0
0
0
0
0
0
0
0
0
0
0
0
0
0
0
0
0
0
0
0
0
0
490
3321
0
0
0
0
0
0
0
0
0
0
1456
816
0
0
0
0
0
0
3615
0
0
0
0
0
0
0
0
9040
9166
3772
3999
9273
4029
6625
12719
11645
0
0
0
0
0
0
0
0
0
1864
15907
11746
0
0
0
0
942
6372
0
0
3228
0
0
0
0
0
0
0
0
0
0
0
0
0
0
0
0
0
0
0
0
0
0
0
0
0
2072
496
0
0
0
0
0
0
0
0
0
0
0
0
0
0
0
0
0
0
0
0
0
0
0
0
0
0
0
0
0
0
9127
4051
4802
6076
2036
2216
0
0
0
1709
1606
0
0
0
0
8995
0
0
4658
406
0
0
0
0
0
0
0
0
0
0
0
0
0
0
0
0
0
0
0
0
0
0
5930
10634
17753
8174
6758
5134
5607
5417
0
14795
4908
0
18572
10281
0
20556
31870
4397
0
2061
11626
1629
2111
3439
0
0
0
0
0
0
0
0
0
0
0
0
0
0
0
0
0
0
7552
9670
0
3770
0
13178
0
0
0
0
0
0
0
0
0
12541
0
0
0
2576
0
1808
9468
6376
14105
6744
0
22582
8837
1338
0
0
0
0
0
0
9577
311
0
22501
7993
0
0
4981
3313
0
0
0
0
0
4209
0
0
1724
0
0
1007
0
0
0
3284
0
0
682
0
12652
653
0
0
10545
8946
0
0
2663
2397
0
0
0
2168
0
0
10703
27463
6262
12030
4293
2825
0
0
0
0
0
0
0
0
0
8172
0
0
1334
162
0
0
0
0
0
0
0
0
0
0
0
0
0
0
0
0
0
0
0
0
0
0
0
0
0
887
82
1591
10962
0
0
0
0
4591
0
0
0
0
0
0
8021
6217
0
0
4001
2884
0
7190
12917
0
0
0
0
0
0
0
0
0
0
0
0
0
0
0
0
0
0
8934
13921
22532
0
0
0
0
1123
0
0
4921
0
0
0
0
0
0
0
10086
18966
12691
3310
4472
1823
0
0
0
276
0
0
0
0
8506
0
0
10671
0
0
0
9658
6125
0
0
0
0
0
0
5930
0
14043
17039
2212
12585
3071
3373
9953
8489
0
0
885
18136
25536
24530
11394
15952
14657
9119
0
0
0
0
0
0
0
0
1386
0
0
10442
12042
0
7517
0
0
2298
5468
1391
1911
11388
1405
14844
10091
0
0
0
0
0
0
0
0
0
585
17902
15801
2777
572
0
0
0
8357
3038
0
2858
10676
12776
15985
8445
0
11910
9423
0
5252
16778
0
0
11066
0
8088
4494
0
0
0
0
0
0
0
0
0
0
0
0
0
0
0
9225
6392
0
4385
6590
9399
1788
0
0
11916
15271
0
2307
0
0
14589
4853
0
0
1462
3216
14508
15393
5274
1307
201
0
0
0
0
0
0
3465
1378
7766
2395
1616
12948
5471
0
0
5387
0
0
0
0
0
0
0
0
0
0
0
0
0
0
0
0
0
1113
0
0
6004
0
0
0
1861
2414
0
0
0
0
0
0
0
10564
6433
741
0
2694
0
0
2790
0
9214
1024
0
5908
18544
17737
0
0
0
12569
16750
2120
2611
0
825
0
0
0
0
0
0
24487
25078
6163
0
0
0
0
7245
20374
0
0
3649
0
0
3912
0
0
219
0
0
0
0
0
0
0
4186
0
0
0
0
2234
0
0
0
0
0
0
0
0
0
0
0
0
0
0
2548
798
4684
2662
10412
5919
0
0
3694
5514
6129
0
4597
0
0
650
395
0
7875
2847
0
0
0
0
0
0
0
0
0
0
0
0
0
0
0
0
0
0
0
0
0
0
10238
7520
7442
0
0
0
0
0
1103
0
0
0
0
0
0
0
0
0
8854
11174
9407
0
0
268
0
0
0
0
2788
0
484
0
0
0
0
0
0
694
0
0
0
0
1654
0
0
0
0
0
379
3017
11751
196
0
2303
0
0
3276
0
0
0
5499
0
0
0
0
0
0
0
0
0
0
0
0
0
0
0
0
0
0
0
0
0
0
0
0
9724
9634
7273
8042
0
3365
0
0
0
0
0
0
0
0
0
977
0
2804
0
3915
7923
863
0
0
0
0
0
0
0
0
0
0
0
0
0
0
0
0
0
0
0
4803
3991
5409
4480
0
0
98
4949
5032
662
0
0
3486
0
0
4250
3782
0
4383
8571
2659
9067
5429
2349
7114
7489
13215
5314
741
6302
0
0
22
0
0
0
0
0
0
1628
1380
0
2401
4741
2535
8666
1286
3492
4849
0
0
0
0
0
0
0
0
496
0
0
14314
1630
0
3448
13192
6450
0
2319
7732
13331
0
0
0
0
3117
0
0
0
9138
0
0
27545
15529
0
0
0
7371
6687
0
0
3682
560
0
0
0
0
0
0
0
0
0
0
8414
7064
0
17087
16031
9968
0
0
5493
0
9167
12002
7429
11396
20351
10482
7390
17950
5898
5033
10829
0
0
8094
622
0
0
0
5904
7876
0
1955
14201
3113
10542
6146
0
3422
11565
0
3210
8333
9548
6027
8618
0
258
1272
0
0
957
2139
0
0
0
0
0
0
0
0
0
0
1627
15906
12404
0
0
19925
7305
24912
0
0
0
0
4725
0
0
8450
0
0
0
6314
0
0
5669
0
0
0
0
0
0
0
3673
0
0
0
0
0
0
0
0
0
0
0
6217
0
0
7897
0
0
2014
0
0
995
2568
14789
13880
0
12547
15654
3316
10698
9454
2033
0
1922
0
3612
7873
0
0
0
1062
13822
6322
4164
8423
4261
9653
10083
4039
2976
5148
0
1928
8953
0
0
2760
6935
0
0
1953
11659
8867
0
0
0
0
0
0
0
0
0
0
1935
0
0
0
219
0
0
8121
12133
0
0
0
0
0
0
0
0
0
0
0
0
0
0
0
2778
3958
0
0
0
0
0
0
0
0
0
0
0
0
0
0
0
0
0
0
0
0
0
0
5800
2732
2791
0
0
2151
0
0
0
0
0
0
0
0
0
0
0
367
0
0
7371
0
11808
18179
0
0
0
4124
0
0
0
0
0
0
0
0
0
0
0
0
3222
0
0
0
0
0
0
0
0
0
0
0
0
0
0
0
0
0
0
0
0
0
0
9664
5531
0
3470
0
0
8271
0
0
0
0
2034
0
0
3551
0
0
0
12976
8095
0
0
0
0
0
0
0
0
0
0
0
0
0
0
40
0
0
0
0
0
0
0
0
0
0
0
0
0
0
0
0
0
5410
0
0
1809
0
0
0
0
0
0
0
0
0
16562
7596
7852
351
3867
11244
0
0
2657
0
0
5092
5042
1194
0
5552
4952
4804
0
0
0
0
7014
14526
8879
0
2622
4916
0
2809
0
0
0
8321
7509
1484
1092
2521
1562
0
0
0
633
0
1412
0
5385
0
0
0
0
0
1819
0
0
170
6469
14354
13383
7175
3719
0
2689
0
0
0
0
0
5840
13415
8831
2672
3323
11913
14008
1980
0
0
0
0
0
0
7522
0
0
0
0
5556
2230
0
3904
16492
4873
1114
0
1715
1818
7024
0
0
0
0
3167
0
4267
9770
7808
4245
7652
2480
0
0
0
0
0
0
2776
10362
2375
0
0
578
2405
3712
7524
5359
0
0
0
0
0
0
0
0
0
0
0
0
6986
8169
8228
11540
5597
3711
125
14134
4691
11175
0
2744
18779
14575
0
943
0
597
840
0
0
8504
657
7506
71
3993
0
0
0
0
0
0
0
0
0
2714
0
0
805
4913
3912
12931
8381
0
5729
11339
12025
9671
9823
3607
0
0
683
1078
0
4071
0
0
0
0
0
0
0
12094
9720
0
0
0
0
0
0
8510
0
0
0
0
0
0
0
0
4037
1600
0
0
6535
5377
585
0
0
0
227
3899
2924
5959
0
2365
1432
10517
861
4273
0
0
0
0
0
866
0
10988
5158
1131
0
3686
0
2027
1723
1288
1681
4029
0
13800
11062
0
0
1177
934
2887
4955
3801
9291
8779
2392
2566
1203
8220
1077
935
3716
0
0
4040
0
0
0
0
0
0
0
0
0
0
0
0
0
0
0
0
0
0
3799
2382
2159
0
0
2610
5422
9433
12614
6181
1389
0
0
0
0
0
0
0
0
0
0
0
0
0
0
0
0
0
6762
6586
3468
1770
2629
1520
0
0
0
0
0
0
3880
3618
5623
13021
7749
10029
562
756
211
3062
2059
830
0
0
11406
9663
6795
3370
7962
2836
203
7381
4060
7018
4370
10105
0
2352
5569
0
0
0
0
0
0
0
0
0
0
0
4393
4081
8397
8817
0
1656
7490
0
10587
0
0
0
0
2623
1872
0
0
567
7494
4384
2470
4086
7553
3475
3328
818
0
0
3532
0
6015
5641
632
1076
16944
19922
16752
1858
0
0
0
0
0
8490
0
0
0
0
0
0
0
4915
2042
0
0
9810
2742
16344
985
0
0
0
953
2777
5118
3126
4580
9468
13774
1898
10755
0
0
0
0
0
251
87
445
0
0
0
0
0
8951
14803
15485
8803
7219
4921
0
10522
0
0
0
0
0
0
450
0
0
0
0
0
0
0
0
0
0
0
0
0
7557
10836
2194
5244
1464
0
0
0
529
1995
5134
0
0
2764
0
0
0
0
0
0
0
0
0
0
0
0
0
0
8666
0
0
0
0
0
2872
0
0
0
0
0
0
0
0
14056
949
0
0
0
0
9425
6141
6569
959
218
11941
6691
5112
4089
0
0
0
0
1959
0
0
0
0
2297
4250
727
6517
0
0
5792
7647
8072
7005
7107
1792
3513
2488
8792
1475
8461
0
2222
0
0
0
0
0
11048
11044
16591
0
5277
10157
9570
9341
12081
0
0
0
0
1237
7626
0
764
2212
2802
2001
2415
0
1309
0
0
0
0
0
10376
16074
13419
4013
2940
1223
2543
0
0
0
83
4287
0
1427
0
0
265
0
0
0
0
15758
16968
44
5768
0
1053
6813
1114
2646
2378
0
287
0
620
0
0
0
0
0
0
0
3611
10636
7756
0
3690
0
0
0
0
0
5773
8839
3351
0
684
0
0
0
0
0
0
3478
0
0
0
4520
9919
8185
0
0
0
0
0
0
0
14491
3141
15927
0
31
2570
17942
0
0
0
0
0
544
0
2622
9196
0
0
0
0
1201
0
0
9755
3308
2385
0
4480
23175
6847
7468
0
0
9108
16614
1878
0
0
0
0
0
1002
3970
11700
17027
14671
12000
2570
703
0
14409
0
0
0
0
0
0
0
310
0
1438
0
0
1523
0
0
760
1806
0
0
0
0
0
0
1704
0
0
7231
16009
18178
9233
1611
0
0
10929
5635
5055
0
3424
6550
2801
0
0
0
0
0
0
0
0
8453
0
0
0
0
0
6149
0
0
0
2224
7903
11015
14076
0
0
0
0
0
801
0
0
0
0
3101
3826
5317
0
18712
1789
0
0
0
0
12531
0
0
0
0
185
3736
3416
0
0
0
0
0
0
6130
7479
15085
8256
5894
7614
13160
10987
15821
13121
8566
1637
5097
3444
11766
3150
6050
5875
3728
6269
16655
7983
1806
0
0
0
0
2366
0
0
0
0
0
0
0
7733
614
3155
5261
541
0
880
440
0
0
0
0
0
0
58
6808
10310
7205
3751
8167
3121
0
0
0
8801
5388
7629
4934
4098
0
7500
0
895
0
0
0
0
0
0
2943
2471
2133
7631
0
5802
5762
0
0
0
0
0
3906
2295
3044
0
1428
0
2775
1505
0
0
0
0
2965
4634
5243
0
0
0
0
0
0
0
0
0
0
0
0
0
2132
10331
14187
7552
0
0
1365
0
0
0
0
0
6733
1998
1327
0
0
0
0
0
0
0
0
1726
0
0
1447
18430
621
941
0
0
0
0
0
0
0
0
0
1021
0
0
1052
3632
4940
0
0
79
0
0
0
0
0
0
3184
1921
818
0
1037
0
1607
8335
0
2334
2995
0
587
1993
13532
10886
0
0
0
925
2724
0
0
0
0
0
0
0
0
2744
936
0
0
978
2364
3746
0
614
51
0
0
1483
26667
6310
10462
2706
0
272
5716
0
1822
1031
7426
12565
8625
4869
11112
18123
5024
782
4594
2125
12063
503
8466
6209
1218
0
0
628
0
0
3015
1627
0
0
333
7495
0
8292
0
102
6195
11203
0
3632
0
0
0
0
0
13713
12316
0
0
0
0
1252
7067
0
4031
439
0
4876
1842
0
0
1897
0
2255
5390
4393
0
2465
0
0
0
0
475
6929
0
643
4875
3715
0
571
0
0
0
0
1384
0
0
0
0
0
6413
4355
2091
0
3010
22167
0
1709
0
0
5166
0
0
0
0
4791
2488
0
8306
5962
490
0
0
0
1767
0
10
0
0
0
0
0
0
0
1481
0
2019
0
0
0
0
0
0
0
0
0
0
0
2522
9530
0
0
10778
0
715
213
0
0
0
0
1662
2158
0
0
0
0
31
0
0
0
0
0
0
0
0
0
0
0
0
0
0
0
6541
0
0
0
0
0
0
0
0
0
0
0
0
5993
6618
11832
13986
11257
8944
4399
5189
2191
13604
7701
9289
9822
10750
7171
6731
817
0
0
459
0
0
0
0
12010
10234
0
745
2938
5259
0
0
0
458
5091
7271
0
9292
9793
9425
12265
11712
0
0
0
0
0
0
0
0
0
0
7070
7498
0
2800
2488
7341
0
0
0
0
0
5417
6746
0
0
0
134
0
4803
9615
0
0
0
0
5576
0
0
0
1582
698
0
0
0
0
0
0
0
0
0
0
6091
0
0
513
610
0
7826
0
0
0
0
0
7897
5321
0
0
0
0
983
0
