7145
44698
101057
52794
196505
222993
107421
291222
411765
170199
261430
417454
123118
307316
457851
173329
296582
372747
166500
360408
541957
199874
324839
557097
176185
309740
409769
140776
249710
412629
167888
245462
432640
163101
322331
475077
169433
283331
491867
147561
237062
292534
54548
112975
136203
15769
79458
84195
67667
228178
249818
153396
293996
417423
195343
263098
500677
154188
300320
423038
172551
332807
450436
196053
301744
560387
214469
354034
565912
170088
306500
458114
149976
252376
459166
179609
278654
500815
207568
301695
540945
200368
324434
501472
130308
235876
335957
41573
80230
122638
10492
69016
119283
56099
177436
220815
107678
280963
377932
137466
252242
452971
114962
371129
447935
165339
302033
470773
152742
374099
541728
159863
375271
585696
149631
312653
426093
128978
318649
414526
142696
262979
425817
149719
335618
452115
138877
321927
485360
144362
196404
332593
74120
119492
181252
77640
67827
121885
249889
246169
202524
362781
376497
307521
346073
342094
356838
320918
300687
344307
467122
319244
272528
389729
395741
335019
460521
403641
375848
446745
367761
377126
362940
333054
365725
325009
390681
295168
369277
442382
347173
419741
375529
339903
324526
253400
222503
159894
144060
137669
102098
92380
140043
280602
296564
244425
386097
369703
333405
410224
358565
368703
443489
342899
334016
419194
333113
275947
459679
436050
347465
519579
455419
427366
471064
373998
396736
407647
432645
355171
386712
453817
385494
383325
463160
354323
446088
394854
356735
356815
291276
259438
120147
101884
104667
75888
102001
144318
273716
199669
219643
422423
308641
313637
413641
322426
341212
365403
345918
301668
479461
288388
257470
435584
430417
346324
480100
405104
328522
442809
338838
381885
376750
328262
372253
293407
394554
307377
387966
443238
368276
424794
434443
432640
326835
261857
264855
190801
147639
158187
124104
113834
83745
221449
225043
278944
384271
325161
425207
323073
328991
420108
271507
373828
316014
264757
310112
411731
366193
378843
404818
382467
420390
479619
350787
415348
445741
408466
435682
498585
436353
460255
430407
375739
376881
478205
353067
358967
423180
196116
277783
281376
110373
127213
113005
121568
133329
106313
309832
244242
334608
382481
349134
469484
342024
398531
450833
273075
418806
395799
277851
347103
398059
393095
432655
467617
399672
462897
494885
371251
473460
472064
456863
451543
537546
485921
481976
473969
462147
436909
506858
340877
402816
454464
233411
311969
304989
69175
103601
83556
139550
111212
127457
206740
248568
264066
459016
385704
473998
328867
416388
482995
324311
417907
327255
235087
378044
408415
370384
357937
433982
373182
491696
509828
334688
407440
403171
365101
459765
480776
434531
417558
421220
454235
490447
507064
380387
395652
472916
201346
272876
277702
111479
151736
156311
154347
152108
174244
302923
306651
339801
458435
474912
410151
379483
334054
420229
414333
377502
426409
474541
370275
421962
499341
409019
416373
506755
448062
411209
510680
456666
369688
461884
329651
421386
405994
364857
404304
495702
441074
497096
492362
528020
466567
338292
347019
402998
143400
116003
147435
191532
172481
182376
369095
388893
429063
460714
464996
468397
458490
391805
440322
434553
408634
468338
516885
393102
450521
512806
469722
460282
546011
486615
447165
528881
448281
469583
515579
378652
443238
476741
362682
477718
486647
561830
511045
543692
552908
547725
345313
338033
379109
140893
104628
115724
188005
184694
183511
310532
324141
318022
494786
517909
425047
380461
384940
464471
457436
410343
462017
434255
427430
465929
525425
502053
428087
495692
482657
472191
492557
454837
412613
459223
377515
458843
447831
410325
429675
502231
498623
504783
478011
494410
488657
333251
361515
334425
167726
131894
168436
155278
132962
67322
293114
196673
93577
357194
300221
169404
407220
275923
158657
420342
286045
164405
415137
303572
199145
393554
252416
219144
431222
268570
125486
401825
271057
160065
346794
236548
140375
362017
283658
177681
502386
277114
186295
556810
309547
133021
299670
207606
92146
155584
71750
34798
169537
120512
64729
327401
228451
127344
381718
313517
175996
426947
332052
212748
449177
303236
205278
451121
279978
225084
431895
315118
233485
485661
283612
216513
381021
267837
162912
383563
274814
161002
439476
273034
220729
551841
298653
233744
503308
364776
174636
360006
190895
103302
123044
104784
54131
191333
140729
43130
286929
185223
86118
409153
347417
156292
415259
349217
141541
412901
322042
145977
450787
314715
165278
365428
344258
204894
504258
301798
173866
432345
261293
167182
345732
287198
116944
366227
324458
147225
449097
317290
194177
570597
327652
173483
314894
223935
103201
180295
131113
42708
